Agência Nacional de Águas - ANA
Superintendência de Gestão da Rede Hidrometeorológica-SGH
Sistema de Informações Hidrológicas - Versão WEB
Fone: (61) 2109-5242
E-mail: hidro@ana.gov.br

NivelConsistencia: 1 = Bruto, 2 = Consistido
TipoSecao: 1 = Régua, 2 = Medição

Restrições da consulta:
Código da Estação:66260001


EstacaoCodigo;NivelConsistencia;Data;Hora;NumLevantamento;TipoSecao;NumVerticais;DistanciaPIPF;EixoXDistMaxima;EixoXDistMinima;EixoYCotaMaxima;EixoYCotaMinima;ElmGeomPassoCota;Observacoes;Vertical
66260001;1;17/08/2012;01/01/1900 07:00;4;2;59;"131,0";"135,0";"-2,0";"1650,0";"-1000,0";"10,0";;"31,1604|129,1604|129,950|126,886|124,808|122,700|120,662|116,456|114,440|110,7,444|110,7,300|110,270|108,216|106,142|104,9,112|101,05,27|96,4,-101|94,8,-141|93,8,-191|91,8,-285|89,8,-327|87,8,-408|85,8,-448|83,8,-508|79,8,-563|75,8,-608|71,8,-693|67,8,-763|63,8,-853|59,8,-913|55,8,-933|51,8,-923|47,8,-813|45,8,-793|43,8,-703|41,8,-648|39,8,-688|37,8,-673|35,8,-608|33,8,-548|30,8,-265|29,8,-333|27,8,-203|24,7,27|24,140|22,234|20,272|20,439|18,436|16,580|14,700|12,809|10,942|8,1055|6,1170|4,1295|2,1416|2,1604|0,1604|"
66260001;1;27/07/2009;01/01/1900 07:00;3;2;71;"131,0";"135,0";"-10,0";"1700,0";"-1000,0";"10,0";Seção de medição na ponte;"31,1604|129,1604|129,1604|129,950|126,882|124,812|122,700|120,658|116,458|114,436|110,7,300|110,7,444|110,270|108,212|106,140|104,112|102,49|100,2|98,-62|96,-126|94,-184|92,-276|90,-312|88,-408|86,-436|84,-502|82,-512|80,-576|78,-584|76,-630|74,-636|72,-676|70,-686|68,-798|66,-820|64,-854|62,-862|60,-894|58,-888|56,-920|54,-902|52,-895|50,-840|48,-848|46,-796|44,-720|42,-692|40,-694|38,-652|36,-572|34,-518|32,-428|30,-320|28,-172|26,-92|25,3,49|24,136|22,234|20,272|20,438|18,432|16,578|14,700|12,804|10,940|8,1054|6,1170|4,1296|2,1416|2,1604|0,1604|"
66260001;2;27/07/2009;01/01/1900 07:00;3;2;71;"131,0";"135,0";"-10,0";"1700,0";"-1000,0";"10,0";Seção de medição na ponte;",1604|2,1604|2,1416|4,1296|6,1170|8,1054|10,940|12,804|14,700|16,578|18,432|20,438|20,272|22,234|24,136|25,3,49|26,-92|28,-172|30,-320|32,-428|34,-518|36,-572|38,-652|40,-694|42,-692|44,-720|46,-796|48,-848|50,-840|52,-895|54,-902|56,-920|58,-888|60,-894|62,-862|64,-854|66,-820|68,-798|70,-686|72,-676|74,-636|76,-630|78,-584|80,-576|82,-512|84,-502|86,-436|88,-408|90,-312|92,-276|94,-184|96,-126|98,-62|100,2|102,49|104,112|106,140|108,212|110,270|110,7,300|110,7,444|114,436|116,458|120,658|122,700|124,812|126,882|129,950|129,1604|129,1604|131,1604|"
66260001;2;20/06/2006;01/01/1900 07:00;2;2;52;"131,0";"135,0";"-3,0";"1650,0";"-1000,0";"10,0";"Seção de medição localizada na ponte, esta seção é utilizada em época de cheias,";",1604|2,1604|2,1416|4,1297|6,1170|8,1054|10,945|12,811|14,700|16,580|18,439|20,272|20,439|22,237|24,143|25,75|28,-183|30,-345|34,-551|38,-694|42,-707|46,-757|50,-852|54,-916|58,-918|62,-864|66,-852|70,-706|74,-657|78,-614|82,-544|86,-454|90,-336|94,-198|98,-62|100,4|102,75|104,110|106,150|108,222|110,280|110,7,301|110,7,444|114,438|116,460|118,536|120,664|122,700|126,888|129,952|129,1604|131,1604|"
66260001;1;20/06/2006;01/01/1900 07:00;2;2;52;"131,0";"135,0";"-3,0";"1650,0";"-1000,0";"10,0";"Seção de medição localizada na ponte, esta seção é utilizada em época de cheias,";",1604|2,1604|2,1416|4,1297|6,1170|8,1054|10,945|12,811|14,700|16,580|18,439|20,439|20,272|22,237|24,143|25,75|28,-183|30,-345|34,-551|38,-694|42,-707|46,-757|50,-852|54,-916|58,-918|62,-864|66,-852|70,-706|74,-657|78,-614|82,-544|86,-454|90,-336|94,-198|98,-62|100,4|102,75|104,110|106,150|108,222|110,280|110,7,301|110,7,444|114,438|116,460|118,536|120,664|122,700|126,888|129,952|129,1604|131,1604|"
66260001;1;21/06/2005;01/01/1900 10:20;1;2;73;"202,0";"210,0";"-3,0";"1180,0";"-350,0";"10,0";10;"02,1155|200,1071|198,986|196,892|194,850|192,760|190,682|188,612|186,511|184,409|182,277|181,249|180,214|179,197|178,159|177,114|175,7,44|174,-96|172,-98|170,-138|166,-194|162,-192|158,-196|154,-202|150,-196|146,-186|142,-174|138,-220|134,-318|130,-296|126,-266|122,-174|118,-150|114,-142|110,-166|106,-304|102,-298|98,-276|94,-260|90,-248|86,-248|82,-254|78,-256|74,-260|70,-264|66,-268|62,-274|58,-278|54,-304|50,-310|46,-332|42,-278|38,-216|34,-176|30,-166|28,-104|26,-42|24,30|23,4,44|23,80|22,116|21,175|20,250|18,326|16,435|14,504|12,607|10,652|8,675|6,691|4,720|2,759|0,806|"
66260001;2;21/06/2005;01/01/1900 10:20;1;2;73;"202,0";"210,0";"-3,0";"1180,0";"-350,0";"10,0";10;",806|2,759|4,720|6,691|8,675|10,652|12,607|14,504|16,435|18,326|20,250|21,175|22,116|23,80|23,4,44|24,30|26,-42|28,-104|30,-166|34,-176|38,-216|42,-278|46,-332|50,-310|54,-304|58,-278|62,-274|66,-268|70,-264|74,-260|78,-256|82,-254|86,-248|90,-248|94,-260|98,-276|102,-298|106,-304|110,-166|114,-142|118,-150|122,-174|126,-266|130,-296|134,-318|138,-220|142,-174|146,-186|150,-196|154,-202|158,-196|162,-192|166,-194|170,-138|172,-98|174,-96|175,7,44|177,114|178,159|179,197|180,214|181,249|182,277|184,409|186,511|188,612|190,682|192,760|194,850|196,892|198,986|200,1071|202,1155|"
66260001;1;25/10/2002;01/01/1900 07:00;1;2;40;"198,0";"200,0";"0,0";"1150,0";"-350,0";"10,0";;",793|11,642|14,521|16,450|18,346|20,265|21,5,184|22,152|22,8,88|29,2,-152|37,2,-201|45,2,-322|53,2,-273|61,2,-261|69,2,-250|77,2,-244|85,2,-237|93,2,-251|101,2,-300|109,2,-192|117,2,-178|125,2,-259|133,2,-235|141,2,-172|149,2,-191|157,2,-183|165,2,-156|170,2,-11|172,8,88|175,4,193|178,4,309|180,1,423|182,1,542|186,1,683|187,3,759|191,3,871|193,3,959|195,3,1044|196,3,1126|198,9,1149|"
66260001;1;20/08/2001;01/01/1900 07:00;1;2;35;"200,0";"215,0";"0,0";"1200,0";"-320,0";"10,0";;",780|12,598|14,7,469|18,7,321|21,7,159|25,4|30,5,-140|37,5,-193|44,5,-298|51,5,-286|58,5,-264|65,5,-254|78,5,-253|79,5,-233|86,5,-234|93,5,-242|100,5,-256|107,5,-248|114,5,-116|121,5,-213|128,5,-287|142,5,-186|149,5,-185|156,5,-183|163,5,-184|170,5,-29|172,5,4|180,5,318|184,5,541|188,5,683|195,2,910|197,2,1024|200,1156|208,1167|135,5,-212|"
66260001;1;30/08/1999;01/01/1900 07:00;1;2;43;"201,8";"250,0";"0,0";"1500,0";"-360,0";"10,0";;"1,3,634|17,6,357|20,6,197|28,-102|40,-247|52,-289|64,-262|76,-255|88,-231|100,-245|106,-285|118,-166|130,-281|142,-180|154,-190|166,-184|173,1,-4|181,1,296|187,577|195,871|199,3,1111|216,8,1169|0,798|14,3,497|18,6,274|24,6,-4|34,-173|46,-321|58,-275|70,-251|82,-231|94,-243|112,-195|124,-265|136,-224|148,-180|160,-183|170,-106|177,1,153|183,415|191,751|197,8,1001|201,8,1158|"
66260001;1;04/09/1998;01/01/1900 07:00;1;2;57;"199,3";"250,0";"0,0";"1500,0";"-500,0";"10,0";;",799|8,681|12,5,592|16,440|19,6,272|22,2,117|24,4,16|30,9,-157|36,9,-208|48,9,-285|60,9,-264|72,9,-238|84,9,-222|96,9,-222|108,9,-248|120,9,-196|132,9,-299|144,9,-181|156,9,-190|168,9,-159|175,1,38|178,2,150|181,6,275|184,1,458|185,9,543|190,4,680|194,4,827|197,941|199,3,1107|219,3,1168|4,722|11,644|14,6,497|18,369|20,7,209|23,3,71|25,2,-8|42,9,-290|54,9,-279|66,9,-250|78,9,-225|90,9,-212|102,9,-259|114,9,-167|126,9,-268|138,9,-180|150,9,-193|162,9,-188|173,7,-8|176,1,87|180,199|182,9,375|189,1,628|191,9,753|196,3,886|198,3,1031|203,3,1167|"
66260001;1;20/08/1997;01/01/1900 07:00;1;2;54;"198,6";"250,0";"0,0";"1200,0";"-350,0";"10,0";;",829|1,4,800|4,4,737|8,4,690|12,4,648|14,4,573|15,9,504|18,9,383|20,9,280|21,9,217|22,6,163|23,9,99|24,9,72|25,4,26|31,-150|37,-151|43,-275|49,-304|55,-278|61,-261|67,-249|73,-240|79,-224|85,-223|91,-212|97,-218|103,-241|109,-269|115,-144|121,-194|127,-255|133,-276|139,-179|145,-183|151,-182|157,-188|163,-185|169,-174|175,6,26|176,9,87|179,7,169|180,8,248|183,1,336|184,1,441|186,1,521|188,6,589|191,6,697|193,1,779|196,6,873|198,1,964|199,3,1042|200,1109|204,1167|208,1164|"
66260001;1;29/07/1996;01/01/1900 07:00;1;2;49;"198,2";"250,0";"0,0";"1200,0";"0,0";"10,0";;"90,6,733|195,6,929|198,5,1109|0,803|8,5,678|12,5,587|16,1,445|4,5,717|10,5,654|14,5,492|160,1,109|170,1,160|176,3,118|180,3,288|18,1,356|20,1,244|22,1,115|24,1,33|28,1,206|34,1,125|40,1,61|46,1,42|52,1,40|58,1,60|64,1,60|70,1,90|76,1,84|82,1,106|88,1,94|94,1,104|100,1,79|106,1,56|112,1,99|118,1,128|124,1,37|130,1,17|136,1,78|142,1,121|148,1,121|154,1,107|183,6,476|166,1,107|174,3,33|178,3,213|181,9,376|187,6,621|193,6,833|196,9,991|206,5,1171|"
66260001;1;20/07/1995;01/01/1900 07:00;1;2;57;"198,2";"250,0";"0,0";"900,0";"-300,0";"10,0";SECAO NORMAL LEVANTAMENTO ANUAL;"0,675|13,621|14,574|15,55,486|17,05,440|18,55,372|20,05,307|21,05,279|22,05,206|23,05,147|51,8,-290|58,8,-271|65,8,-247|72,8,-236|79,8,-219|86,8,-201|93,8,-197|100,8,-214|107,8,-257|114,8,-172|121,8,-176|128,8,-256|135,8,-214|142,8,178|149,8,-185|156,8,-187|163,8,-187|170,8,-131|174,6,59|175,6,111|176,6,142|178,1,217|44,8,-291|37,8,-188|30,8,-100|25,05,59|24,05,96|6,705|3,760|1,803|0,827|179,6,276|181,1,340|182,1,384|183,6,532|185,1,603|187,1,667|189,1,719|190,6,756|192,1,649|194,1,704|195,5,744|197,829|198,831|199,809|203,869|211,864|"
66260001;1;15/02/1995;01/01/1900 07:00;1;1;49;"198,2";"350,0";"0,0";"1200,0";"-300,0";"10,0";MEDICAO EXTRA;"4,3,762|76,3,688|77,1,662|84,6,512|99,6,-100|119,6,-114|139,6,-208|159,6,-194|179,6,-120|199,6,-46|219,6,-47|75,5,717|79,6,612|89,6,321|109,6,-116|129,6,-194|149,6,-181|169,6,-132|189,6,-121|209,6,-30|229,6,8|249,6,5|259,6,255|269,6,335|279,6,465|289,6,662|304,6,983|12,891|20,928|25,1086|41,1121|57,1123|63,1063|70,3,890|239,6,-7|257,6,203|264,6,304|274,6,442|284,6,512|299,6,682|0,919|8,910|16,903|23,1018|29,1101|49,1126|59,1096|67,1010|72,3,827|"
