Agência Nacional de Águas - ANA
Superintendência de Gestão da Rede Hidrometeorológica-SGH
Sistema de Informações Hidrológicas - Versão WEB
Fone: (61) 2109-5242
E-mail: hidro@ana.gov.br

NivelConsistencia: 1 = Bruto, 2 = Consistido
TipoSecao: 1 = Régua, 2 = Medição

Restrições da consulta:
Código da Estação:66120000


EstacaoCodigo;NivelConsistencia;Data;Hora;NumLevantamento;TipoSecao;NumVerticais;DistanciaPIPF;EixoXDistMaxima;EixoXDistMinima;EixoYCotaMaxima;EixoYCotaMinima;ElmGeomPassoCota;Observacoes;Vertical
66120000;1;18/11/2022;;;2;32;"193,8";;;;;"10,0";;"39,7,-239|0,485|10,514|20,474|34,416|38,358|42,359|44,328|45,4,278|46,8,244|55,8,-83|58,-88|61,-124|65,5,-164|72,6,-252|84,9,-331|90,5,-344|100,3,-284|108,6,-253|114,7,-207|126,5,-190|184,8,437|174,8,461|164,8,486|161,8,476|160,9,384|160,1,311|159,1,244|154,1,-107|152,9,-149|151,4,-187|146,2,-222|"
66120000;1;26/08/2021;;;;25;;;;;;"10,0";;",576|12,535|20,454|22,379|23,370|24,290|25,252|27,2,203|37,2,-45|54,6,-600|58,6,-748|66,3,-869|85,1,-390|110,6,-224|126,5,-200|135,3,-257|147,2,-116|150,80|152,203|153,281|154,394|155,483|165,8,502|171,8,482|187,8,507|"
66120000;2;26/08/2021;01/01/1900 00:00;0;2;25;"187,8";"206,8";"19,0";"576,0";"-869,0";"1,0";"Aplicado deslocamento horizontal de 19 m,";"2,370|43,290|44,252|46,2,203|56,2,-45|73,6,-600|77,6,-748|85,3,-869|104,1,-390|129,6,-224|145,5,-200|154,3,-257|166,2,-116|169,80|171,203|172,281|173,394|174,483|184,8,502|190,8,482|206,8,507|19,576|31,535|39,454|41,379|"
66120000;2;16/10/2019;01/01/1900 00:00;0;2;31;"167,7";"179,7";"12,0";"568,0";"-704,0";"1,0";"Aplicado deslocamento horizontal de 12 m,";"2,568|22,535|32,479|34,439|35,401|36,351|37,296|45,2|52,03,27|59,3,-138|66,11,-334|73,34,-553|80,22,-650|87,54,-704|94,14,-612|101,15,-362|108,38,-255|115,59,-239|122,31,-202|129,12,-174|136,19,-205|143,26,-216|150,19,-208|157,21,-232|164,25,-171|166,85,-49|171,85,296|172,85,343|173,85,422|174,85,493|179,7,496|"
66120000;1;16/10/2019;;;2;31;"167,7";;;;;"10,0";;"10,31,-202|117,12,-174|124,19,-205|131,26,-216|138,19,-208|145,21,-232|152,25,-171|154,85,-49|159,85,296|160,85,343|161,85,422|162,85,493|167,7,496|54,11,-334|61,34,-553|68,22,-650|75,54,-704|82,14,-612|89,15,-362|96,38,-255|103,59,-239|0,568|10,535|20,479|22,439|23,401|24,351|25,296|33,2|40,03,27|47,3,-138|"
66120000;1;13/07/2018;;;2;30;"161,8";;;;;"10,0";;",567|5,558|10,536|15,512|20,476|21,5,452|27,5,125|35,52,89|43,79,-118|51,82,-303|60,19,-515|67,73,-634|76,21,-697|83,75,-647|91,74,-526|99,38,-431|106,76,-215|116,48,-162|123,27,-170|129,67,-192|137,48,-204|144,28,-218|150,06,-116|152,84,5|158,84,452|159,34,495|161,84,496|164,84,499|167,84,495|176,54,475|"
66120000;2;13/07/2018;01/01/1900 00:00;0;2;30;"176,54";"191,54";"15,0";"567,0";"-697,0";"1,0";"Aplicado deslocamento horizontal de 15 m,";"5,567|20,558|25,536|30,512|35,476|36,5,452|42,5,125|50,52,89|58,79,-118|66,82,-303|75,19,-515|82,73,-634|91,21,-697|98,75,-647|106,74,-526|114,38,-431|121,76,-215|131,48,-162|138,27,-170|144,67,-192|152,48,-204|159,28,-218|165,06,-116|167,84,5|173,84,452|174,34,495|176,84,496|179,84,499|182,84,495|191,54,475|"
66120000;2;30/06/2017;01/01/1900 00:00;0;2;25;"174,99";"191,99";"17,0";"570,0";"-676,0";"1,0";"Aplicado deslocamento horizontal de 17 m,";"7,570|22,559|27,536|32,514|36,503|37,5,470|45,5,89|55,61,-64|65,57,-401|75,54,-613|85,65,-676|95,65,-506|105,61,-272|115,67,-231|125,65,-218|135,62,-263|145,56,-277|155,61,-229|165,49,-123|166,79,-80|174,79,470|177,69,496|182,69,493|187,69,490|191,99,475|"
66120000;1;30/06/2017;;;2;25;"160,69";;;;;"10,0";;",570|5,559|10,536|15,514|19,503|20,5,470|28,5,89|38,61,-64|48,57,-401|58,54,-613|68,65,-676|78,65,-506|88,61,-272|98,67,-231|108,65,-218|118,62,-263|128,56,-277|138,61,-229|148,49,-123|149,79,-80|157,79,470|160,69,496|165,69,493|170,69,490|174,99,475|"
66120000;1;10/08/2016;;;2;31;"161,77";;;;;"10,0";;",568|5,559|15,509|20,480|23,377|24,4,320|27,4,107|34,29,99|41,58,-190|48,91,-426|55,86,-576|63,73,-658|70,98,-549|77,67,-327|84,93,-245|93,7,-177|100,59,-195|109,09,-238|117,17,-273|123,64,-161|130,61,-179|138,32,-223|147,23,-180|154,17,130|157,17,320|157,67,358|158,97,496|161,77,497|158,17,421|175,77,476|169,77,494|"
66120000;2;10/08/2016;01/01/1900 00:00;0;2;31;"175,77";"190,77";"15,0";"568,0";"-658,0";"1,0";"Aplicado deslocamento horizontal de 15 m,";"5,568|20,559|30,509|35,480|38,377|39,4,320|42,4,107|49,29,99|56,58,-190|63,91,-426|70,86,-576|78,73,-658|85,98,-549|92,67,-327|99,93,-245|108,7,-177|115,59,-195|124,09,-238|132,17,-273|138,64,-161|145,61,-179|153,32,-223|162,23,-180|169,17,130|172,17,320|172,67,358|173,17,421|173,97,496|176,77,497|184,77,494|190,77,476|"
66120000;2;25/08/2015;01/01/1900 00:00;0;2;36;"174,63";"191,63";"17,0";"570,0";"-616,0";"1,0";"Aplicado deslocamento horizontal de 17 m,";"7,570|22,560|27,543|32,508|36,479|37,5,440|38,2,394|38,8,374|44,3,78|50,42,-35|56,38,-106|62,51,-346|68,44,-493|74,51,-568|80,36,-616|86,43,-607|92,31,-442|98,33,-298|104,56,-208|110,43,-177|116,52,-163|122,56,-222|128,37,-252|134,44,-270|140,41,-227|146,51,-197|152,52,-221|158,6,-231|164,92,-135|168,33,40|173,33,374|174,33,433|174,73,491|177,63,498|182,63,497|191,63,477|"
66120000;1;25/08/2015;;;2;36;"160,63";;;;;"10,0";;",570|5,560|10,543|15,508|19,479|20,5,440|21,2,394|21,8,374|27,3,78|33,42,-35|39,38,-106|45,51,-346|51,44,-493|57,51,-568|63,36,-616|69,43,-607|75,31,-442|81,33,-298|87,56,-208|93,43,-177|99,52,-163|105,56,-222|111,37,-252|117,44,-270|123,41,-227|129,51,-197|135,52,-221|141,6,-231|147,92,-135|151,33,40|156,33,374|157,33,433|157,73,491|160,63,498|165,63,497|174,63,477|"
66120000;1;14/08/2014;;;2;32;"160,97";;;;;"10,0";;",5,557|11,5,534|17,5,501|19,5,490|21,5,453|29,5,34|35,61,-56|41,63,-147|47,86,-388|53,56,-591|59,94,-667|66,02,-687|72,25,-651|78,39,-523|83,9,-377|90,31,-271|97,97,-187|103,73,-183|110,27,-260|116,15,-325|122,08,-305|126,94,-308|131,71,-303|137,83,-215|143,57,-208|150,57,-8|157,77,453|158,17,493|160,97,492|167,97,495|174,97,475|"
66120000;2;14/08/2014;;;2;32;"174,97";"191,9431";"16,9731";"567,0";"-687,0";"10,0";;"6,9731,567|22,4731,557|28,4731,534|34,4731,501|36,4731,490|38,4731,453|46,4731,34|52,5831,-56|58,6031,-147|64,8331,-388|70,5331,-591|76,9131,-667|82,9931,-687|89,2231,-651|95,3631,-523|100,873,-377|107,283,-271|114,943,-187|120,703,-183|127,243,-260|133,123,-325|139,053,-305|143,913,-308|148,683,-303|154,803,-215|160,543,-208|167,543,-8|174,743,453|175,143,493|177,943,492|184,943,495|191,943,475|"
66120000;2;01/08/2013;;;2;32;"176,4";"197,5464";"21,1464";"569,0";"-572,0";"10,0";;"68,786,83|174,086,400|175,186,444|177,186,483|182,186,517|187,186,540|192,186,564|197,546,569|21,1464,477|28,1464,496|35,1464,501|38,3464,493|39,4464,400|48,2464,-105|54,7664,-88|62,8764,-263|69,1264,-457|75,3964,-572|81,5764,-567|88,8164,-404|95,5564,-328|102,536,-233|108,396,-186|114,806,-224|121,106,-231|127,326,-245|134,806,-247|140,676,-269|145,626,-278|151,236,-253|155,866,-236|163,516,-172|"
66120000;1;01/08/2013;;;2;32;"162,04";;;;;"10,0";;",477|7,496|14,501|17,2,493|18,3,400|27,1,-105|33,62,-88|41,73,-263|47,98,-457|54,25,-572|60,43,-567|67,67,-404|74,41,-328|81,39,-233|87,25,-186|93,66,-224|99,96,-231|106,18,-245|113,66,-247|119,53,-269|124,48,-278|130,09,-253|134,72,-236|142,37,-172|147,64,83|152,94,400|154,04,444|156,04,483|161,04,517|166,04,540|171,04,564|176,4,569|"
66120000;1;19/09/2012;;;2;32;"164,4";;;;;"10,0";;",568|7,2,547|15,2,512|21,2,451|23,2,387|24,2,320|25,2,258|27,1,250|33,8,-156|40,8,-134|47,8,-275|54,8,-454|61,8,-592|68,8,-612|75,8,-389|82,8,-267|89,8,-216|96,8,-223|103,8,-163|110,8,-164|117,8,-200|124,8,-187|131,8,-202|138,8,-212|145,8,-201|150,8,-173|158,2,250|159,2,333|160,2,404|161,2,492|164,4,494|178,6,474|"
66120000;2;19/09/2012;;;2;32;"178,6";"192,0608";"13,4608";"568,0";"-612,0";"10,0";;"3,4608,568|20,6608,547|28,6608,512|34,6608,451|36,6608,387|37,6608,320|38,6608,258|40,5608,250|47,2608,-156|54,2608,-134|61,2608,-275|68,2608,-454|75,2608,-592|82,2608,-612|89,2608,-389|96,2608,-267|103,261,-216|110,261,-223|117,261,-163|124,261,-164|131,261,-200|138,261,-187|145,261,-202|152,261,-212|159,261,-201|164,261,-173|171,661,250|172,661,333|173,661,404|174,661,492|177,861,494|192,061,474|"
66120000;2;04/08/2011;;;2;33;"170,1999";"191,6752";"21,4753";"569,0";"-631,0";"10,0";;"1,4753,569|31,4753,535|40,9753,497|42,9753,447|44,4753,399|45,2753,366|51,4753,-88|57,4753,-195|63,4753,-217|69,4753,-398|75,4753,-498|81,4753,-593|87,4753,-629|93,4753,-631|99,4753,-548|105,475,-407|111,475,-337|117,475,-219|123,475,-244|129,475,-272|135,475,-265|141,475,-259|147,475,-271|153,475,-219|159,475,-208|165,475,-120|169,475,56|172,475,366|173,475,406|174,275,488|177,675,505|182,675,499|191,675,479|"
66120000;1;04/08/2011;;;2;33;"156,2";;;;;"10,0";;",569|10,535|19,5,497|21,5,447|23,399|23,8,366|30,-88|36,-195|42,-217|48,-398|54,-498|60,-593|66,-629|72,-631|78,-548|84,-407|90,-337|96,-219|102,-244|108,-272|114,-265|120,-259|126,-271|132,-219|138,-208|144,-120|148,56|151,366|152,406|152,8,488|156,2,505|161,2,499|170,2,479|"
66120000;1;29/09/2010;01/01/1900 07:00;1;2;39;"161,3";;;;;"10,0";;",569|8,544|16,507|19,502|21,446|23,374|27,315|30,275|31,1,250|36,4,88|41,4,-87|46,4,-328|51,4,-489|56,4,-558|61,4,-552|66,4,-497|71,4,-442|76,4,-416|81,4,-338|86,4,-290|91,4,-201|96,4,-189|101,4,-227|106,4,-268|111,4,-223|116,4,-268|121,4,-280|126,4,-307|131,4,-282|136,4,-272|141,4,-239|146,4,-171|154,9,250|155,5,290|156,5,344|157,4,518|158,4,496|161,3,496|175,3,472|"
66120000;2;29/09/2010;01/01/1900 07:00;1;2;39;"175,3";"192,2466";"16,9466";"569,0";"-558,0";"10,0";;"5,9466,502|37,9466,446|39,9466,374|43,9466,315|46,9466,275|48,0466,250|53,3466,88|58,3466,-87|63,3466,-328|68,3466,-489|73,3466,-558|78,3466,-552|83,3466,-497|88,3466,-442|93,3466,-416|98,3466,-338|103,347,-290|108,347,-201|113,347,-189|118,347,-227|123,347,-268|128,347,-223|133,347,-268|138,347,-280|143,347,-307|148,347,-282|153,347,-272|158,347,-239|163,347,-171|171,847,250|172,447,290|173,447,344|174,347,518|175,347,496|178,247,496|192,247,472|16,9466,569|24,9466,544|32,9466,507|"
66120000;2;01/07/2009;01/01/1900 07:00;1;2;31;"174,8";"191,6937";"16,8937";"566,0";"-603,0";"10,0";;"6,8937,566|21,8937,558|26,8937,534|31,8937,511|35,8937,504|37,7937,465|45,3937,280|52,3937,80|59,3937,-82|66,3937,-402|73,3937,-544|80,3937,-603|87,3937,-541|94,3937,-432|101,394,-340|108,394,-234|115,394,-194|122,394,-138|129,394,-120|136,394,-117|143,394,-124|150,394,-146|157,394,-164|164,394,-152|170,394,166|174,094,465|174,594,497|177,694,498|182,694,496|187,694,489|191,694,473|"
66120000;1;01/07/2009;01/01/1900 07:00;1;2;31;"160,8";"190,0";"0,0";"620,0";"-680,0";"10,0";;",566|5,558|10,534|15,511|19,504|20,9,465|28,5,280|35,5,80|42,5,-82|49,5,-402|56,5,-544|63,5,-603|70,5,-541|77,5,-432|84,5,-340|91,5,-234|98,5,-194|105,5,-138|112,5,-120|119,5,-117|126,5,-124|133,5,-146|140,5,-164|147,5,-152|153,5,166|157,2,465|157,7,497|160,8,498|165,8,496|170,8,489|174,8,473|"
66120000;1;02/09/2008;01/01/1900 07:00;1;2;39;"161,2";"180,0";"0,0";"590,0";"-590,0";"10,0";;"56,8,414|157,8,496|161,2,495|166,2,497|171,2,194|175,2,473|0,568|5,558|10,533|15,512|19,505|20,5,468|22,420|23,5,359|25,323|26,6,301|32,8,127|38,8,1|44,8,-155|50,8,-397|56,8,-530|62,8,-569|68,8,-554|74,8,-500|80,8,-450|86,8,-340|92,8,-247|98,8,-207|104,8,-190|110,8,-204|116,8,-256|122,8,-295|128,8,-307|134,8,-310|140,8,-253|146,8,-189|152,8,130|154,8,301|155,8,356|"
66120000;2;02/09/2008;01/01/1900 07:00;1;2;39;"175,2";"192,4902";"17,2902";"568,0";"-569,0";"10,0";;"7,2902,568|22,2902,558|27,2902,533|32,2902,512|36,2902,505|37,7902,468|39,2902,420|40,7902,359|42,2902,323|43,8902,301|50,0902,127|56,0902,1|62,0902,-155|68,0902,-397|74,0902,-530|80,0902,-569|86,0902,-554|92,0902,-500|98,0902,-450|104,09,-340|110,09,-247|116,09,-207|122,09,-190|128,09,-204|134,09,-256|140,09,-295|146,09,-307|152,09,-310|158,09,-253|164,09,-189|170,09,130|172,09,301|173,09,356|174,09,414|175,09,496|178,49,495|183,49,497|188,49,494|192,49,473|"
66120000;2;01/11/2007;01/01/1900 07:00;1;2;35;"161,2";"182,5446";"21,3446";"554,0";"-598,0";"10,0";;"1,3446,554|35,3446,493|37,8446,510|39,7446,483|39,9446,467|41,5446,431|42,9446,374|43,9446,449|44,5446,333|50,5446,154|57,5446,-44|64,5446,-240|71,5446,-346|78,5446,-507|85,5446,-577|92,5446,-598|99,5446,-509|106,545,-333|113,545,-254|120,545,-183|127,545,-177|134,545,-190|141,545,-224|148,545,-250|155,545,-230|161,545,-228|167,545,-44|172,545,333|173,245,361|173,545,394|174,045,419|174,545,459|174,845,490|178,545,496|182,545,491|"
66120000;1;01/11/2007;01/01/1900 07:00;1;2;35;"157,2";"163,0";"0,0";"580,0";"-620,0";"10,0";;",554|14,493|16,5,510|18,4,483|18,6,467|20,2,431|21,6,374|22,6,449|23,2,333|29,2,154|36,2,-44|43,2,-240|50,2,-346|57,2,-507|64,2,-577|71,2,-598|78,2,-509|85,2,-333|92,2,-254|99,2,-183|106,2,-177|113,2,-190|120,2,-224|127,2,-250|134,2,-230|140,2,-228|146,2,-44|151,2,333|151,9,361|152,2,394|152,7,419|153,2,459|153,5,490|157,2,496|161,2,491|"
66120000;1;28/09/2006;01/01/1900 07:00;1;1;40;"175,7";"185,0";"0,0";"550,0";"-1000,0";"10,0";;",536|3,7,501|8,7,481|13,7,466|16,7,443|18,2,391|19,2,360|20,2,315|20,8,309|24,5,253|30,5,140|36,5,-70|42,5,-266|48,5,-497|54,5,-649|60,5,-886|66,5,-979|72,5,-925|78,5,-777|84,5,-600|90,5,-473|96,5,-412|102,5,-203|106,5,-184|108,5,-193|114,5,-229|120,5,-241|132,5,-231|138,5,-222|144,5,-219|150,5,-208|156,5,-211|162,5,-126|166,5,37|170,1,309|171,1,418|171,6,505|174,6,506|179,3,497|181,3,505|"
66120000;2;28/09/2006;01/01/1900 07:00;1;1;40;"181,3";"183,8464";"2,5464";"536,0";"-979,0";"10,0";;"09,046,-184|111,046,-193|117,046,-229|123,046,-241|135,046,-231|141,046,-222|147,046,-219|153,046,-208|159,046,-211|165,046,-126|169,046,37|172,646,309|173,646,418|174,146,505|177,146,506|181,846,497|183,846,505|2,5464,536|6,2464,501|11,2464,481|16,2464,466|19,2464,443|20,7464,391|21,7464,360|22,7464,315|23,3464,309|27,0464,253|33,0464,140|39,0464,-70|45,0464,-266|51,0464,-497|57,0464,-649|63,0464,-886|69,0464,-979|75,0464,-925|81,0464,-777|87,0464,-600|93,0464,-473|99,0464,-412|105,046,-203|"
66120000;2;04/10/2005;01/01/1900 08:00;1;1;36;"182,7";"182,7";"0,0";"551,0";"-454,0";"10,0";;",541|8,538|16,551|24,520|32,473|34,457|35,5,401|36,5,345|38,1,291|44,1,246|51,1,-99|58,1,-352|65,1,-454|72,1,-317|79,1,-247|86,1,-330|93,1,-149|100,1,-133|107,1,-115|114,1,-166|121,1,-146|128,1,-122|135,1,-176|142,1,-268|149,1,-260|153,1,-247|157,1,-215|161,1,-212|165,1,-137|169,1,67|171,9,291|172,9,356|173,9,419|174,9,487|178,7,497|182,7,488|"
66120000;2;04/10/2005;01/01/1900 10:00;1;1;37;"182,5";"184,3821";"1,8821";"524,0";"-390,0";"10,0";;",8821,524|5,5821,490|13,5821,468|17,5821,451|19,0821,433|20,0821,389|21,0821,348|22,5821,291|25,2821,189|31,2821,158|38,2821,-36|45,2821,-254|52,2821,-387|59,2821,-390|66,2821,-164|73,2821,-80|80,2821,-92|87,2821,-102|94,2821,-115|101,282,-204|108,282,-156|115,282,-130|122,282,-128|129,282,-161|136,282,-187|143,282,-218|150,282,-223|157,282,-203|161,282,-197|165,282,-89|169,282,67|171,682,291|172,282,376|173,282,500|177,282,504|181,382,496|184,382,503|"
66120000;1;04/10/2005;01/01/1900 08:00;1;1;36;"162,7";"190,0";"0,0";"560,0";"-500,0";"10,0";;"49,1,-260|153,1,-247|157,1,-215|161,1,-212|165,1,-137|169,1,67|171,9,291|172,9,356|173,9,419|174,9,487|178,7,497|182,7,488|142,1,-268|135,1,-176|128,1,-122|121,1,-146|114,1,-166|107,1,-115|100,1,-133|93,1,-149|86,1,-330|79,1,-247|72,1,-317|65,1,-454|58,1,-352|51,1,-99|44,1,246|38,1,291|36,5,345|35,5,401|34,457|32,473|24,520|16,551|8,538|0,541|"
66120000;1;04/10/2005;01/01/1900 10:00;1;1;37;"175,8";"190,0";"0,0";"550,0";"-410,0";"10,0";;",524|3,7,490|11,7,468|15,7,451|17,2,433|18,2,389|19,2,348|20,7,291|23,4,189|29,4,158|36,4,-36|43,4,-254|50,4,-387|57,4,-390|64,4,-164|71,4,-80|78,4,-92|85,4,-102|92,4,-115|99,4,-204|106,4,-156|113,4,-130|120,4,-128|127,4,-161|134,4,-187|141,4,-218|148,4,-223|155,4,-203|159,4,-197|163,4,-89|167,4,67|169,8,291|170,4,376|171,4,500|175,4,504|179,5,496|182,5,503|"
66120000;1;23/09/2004;01/01/1900 07:00;1;2;33;"179,0";"190,0";"0,0";"560,0";"-510,0";"10,0";;"72,3,334|173,3,421|174,3,481|179,3,497|183,3,494|89,7,-353|157,7,-246|65,7,-487|71,7,-446|77,7,-248|83,7,-299|0,537|20,551|40,456|44,289|47,7,86|53,7,-243|59,7,-412|125,7,-228|131,7,-266|137,7,-296|143,7,-327|149,7,-305|153,7,-281|161,7,-219|165,7,-94|168,7,66|171,3,289|95,7,-179|101,7,-170|107,7,-167|113,7,-152|119,7,-192|"
66120000;2;23/09/2004;01/01/1900 07:00;1;2;33;"183,3";"183,748";"0,448";"551,0";"-487,0";"10,0";;"8,148,86|54,148,-243|60,148,-412|66,148,-487|72,148,-446|78,148,-248|84,148,-299|90,148,-353|96,148,-179|102,148,-170|108,148,-167|114,148,-152|120,148,-192|126,148,-228|132,148,-266|138,148,-296|144,148,-327|150,148,-305|154,148,-281|158,148,-246|162,148,-219|166,148,-94|169,148,66|171,748,289|172,748,334|173,748,421|174,748,481|179,748,497|183,748,494|0,448,537|20,448,551|40,448,456|44,448,289|"
66120000;2;04/09/2003;01/01/1900 07:00;1;2;35;"163,1";"184,5903";"21,4903";"499,0";"-519,0";"10,0";;"1,4903,482|25,4903,484|33,4903,494|39,4903,469|42,4903,425|43,7903,330|47,9903,149|53,9903,-202|59,9903,-402|65,9903,-503|71,9903,-519|77,9903,-379|83,9903,-213|89,9903,-162|95,9903,-135|101,99,-120|107,99,-139|112,99,-172|118,99,-184|124,99,-204|130,99,-197|136,99,-237|142,99,-283|146,99,-304|150,99,-301|154,99,-258|158,99,-255|162,99,-221|166,99,-86|172,79,330|173,79,396|174,79,459|176,79,497|180,59,499|184,59,496|"
66120000;1;04/09/2003;01/01/1900 07:00;1;2;35;"155,0";"170,0";"0,0";"520,0";"-540,0";"10,0";;"2,494|18,469|21,425|159,1,499|22,3,330|86,5,-139|91,5,-172|97,5,-184|103,5,-204|109,5,-197|115,5,-237|121,5,-283|125,5,-304|129,5,-301|133,5,-258|137,5,-255|141,5,-221|145,5,-86|151,3,330|152,3,396|153,3,459|155,3,497|26,5,149|80,5,-120|74,5,-135|68,5,-162|62,5,-213|56,5,-379|50,5,-519|44,5,-503|38,5,-402|32,5,-202|4,484|0,482|163,1,496|"
66120000;1;18/07/2002;01/01/1900 07:00;1;2;32;"155,0";"180,0";"0,0";"550,0";"-500,0";"10,0";;"46,-238|156,44|160,5,417|161,5,478|167,1,497|171,1,491|75,-154|128,-239|98,-122|103,-133|108,-150|113,-170|118,-183|123,-200|134,-253|140,-274|152,-149|81,-203|87,-168|93,-114|63,-330|57,-390|51,-430|45,-308|39,20|33,303|28,9,417|24,471|16,494|12,485|0,466|69,-236|"
66120000;2;18/07/2002;01/01/1900 07:00;1;2;32;"171,1";"184,0545";"12,9545";"497,0";"-430,0";"10,0";;"2,9545,466|24,9545,485|28,9545,494|36,9545,471|41,8545,417|45,9545,303|51,9545,20|57,9545,-308|63,9545,-430|69,9545,-390|75,9545,-330|81,9545,-236|87,9545,-154|93,9545,-203|99,9545,-168|105,954,-114|110,954,-122|115,954,-133|120,954,-150|125,954,-170|130,954,-183|135,954,-200|140,954,-239|146,954,-253|152,954,-274|158,954,-238|164,954,-149|168,954,44|173,454,417|174,454,478|180,055,497|184,055,491|"
66120000;2;16/08/2001;01/01/1900 07:00;1;2;39;"164,2";"184,4235";"20,2235";"505,0";"-402,0";"10,0";;"0,2235,476|24,2235,487|30,2235,498|36,2235,475|39,5235,465|40,5235,437|41,9235,384|42,9235,342|45,2235,310|50,2235,101|56,2235,-146|62,2235,-331|68,2235,-402|74,2235,-379|80,2235,-199|86,2235,-150|92,2235,-109|98,2235,-118|104,224,-165|110,224,-185|116,224,-185|122,224,-247|128,223,-270|134,223,-278|138,223,-286|142,223,-222|146,223,-170|150,223,-175|154,223,-191|158,223,-220|162,223,-216|166,223,-99|169,223,51|172,223,310|173,223,378|174,223,437|175,223,496|180,423,505|184,423,496|"
66120000;1;16/08/2001;01/01/1900 07:00;1;2;39;"156,0";"170,0";"0,0";"530,0";"-420,0";"10,0";;"6,-146|155,496|160,2,505|164,2,496|0,476|4,487|10,498|16,475|19,3,465|20,3,437|21,7,384|22,7,342|25,310|30,101|42,-331|48,-402|54,-379|60,-199|66,-150|72,-109|78,-118|84,-165|90,-185|96,-185|102,-247|108,-270|114,-278|118,-286|122,-222|126,-170|130,-175|134,-191|138,-220|142,-216|146,-99|149,51|152,310|153,378|154,437|"
66120000;1;25/08/1999;01/01/1900 07:00;1;2;32;"151,6";"170,0";"0,0";"550,0";"-600,0";"10,0";;",477|19,470|22,7,339|34,-50|46,-351|4,483|21,417|28,127|40,-222|52,-432|58,-484|64,-411|70,-233|76,-204|82,-191|88,-174|94,-161|100,-242|106,-238|112,-251|118,-276|124,-299|130,-199|134,-202|138,-214|142,-209|146,-96|151,8,339|153,2,419|155,6,496|159,6,507|163,6,494|"
66120000;2;25/08/1999;01/01/1900 07:00;1;2;32;"163,6";"184,7233";"21,1233";"507,0";"-484,0";"10,0";;"21,123,-242|127,123,-238|133,123,-251|139,123,-276|145,123,-299|151,123,-199|155,123,-202|159,123,-214|163,123,-209|167,123,-96|172,923,339|174,323,419|176,723,496|180,723,507|184,723,494|21,1233,477|25,1233,483|40,1233,470|42,1233,417|43,8233,339|49,1233,127|55,1233,-50|61,1233,-222|67,1233,-351|73,1233,-432|79,1233,-484|85,1233,-411|91,1233,-233|97,1233,-204|103,123,-191|109,123,-174|115,123,-161|"
66120000;2;27/08/1998;01/01/1900 07:00;1;2;34;"165,1";"182,2448";"17,1448";"500,0";"-558,0";"10,0";;"7,1448,458|25,1448,484|29,1448,492|33,1448,491|37,1448,478|41,4448,463|42,4448,406|43,4448,359|48,5448,85|54,5448,5|60,5448,-131|66,5448,-273|72,5448,-376|78,5448,-497|84,5448,-558|90,5448,-530|96,5448,-408|102,545,-299|108,545,-208|114,545,-214|120,545,-274|126,545,-193|132,545,-233|138,545,-253|144,545,-263|150,545,-202|156,545,-196|162,545,-207|168,545,3|172,845,359|173,845,421|174,845,500|176,245,497|182,245,494|"
66120000;1;27/08/1998;01/01/1900 07:00;1;2;34;"151,1";"200,0";"0,0";"700,0";"-600,0";"10,0";;"0,478|25,3,406|31,4,85|43,4,-131|55,4,-376|67,4,-558|79,4,-408|91,4,-208|103,4,-274|115,4,-233|127,4,-263|139,4,-196|145,4,-207|155,7,359|157,7,500|165,1,494|8,484|16,491|24,3,463|26,3,359|37,4,5|49,4,-273|61,4,-497|73,4,-530|85,4,-299|97,4,-214|109,4,-193|121,4,-253|133,4,-202|151,4,3|156,7,421|159,1,497|0,458|12,492|"
66120000;1;20/08/1997;01/01/1900 07:00;1;2;29;"151,3";"180,0";"0,0";"600,0";"-800,0";"10,0";;"20,1,-243|54,1,-412|60,1,-522|66,1,-599|72,1,-617|78,1,-578|84,1,-528|96,1,-209|102,1,-144|108,1,-178|114,1,-240|126,1,-210|132,1,-228|138,1,-259|144,1,-167|150,1,117|152,5,422|90,1,-432|155,3,500|159,3,508|0,478|4,488|16,481|21,3,422|24,1,260|30,1,-10|36,1,-49|42,1,-198|48,1,-287|"
66120000;2;20/08/1997;01/01/1900 07:00;1;2;29;"159,3";"179,632";"20,332";"508,0";"-617,0";"10,0";;"0,332,478|24,332,488|36,332,481|41,632,422|44,432,260|50,432,-10|56,432,-49|62,432,-198|68,432,-287|74,432,-412|80,432,-522|86,432,-599|92,432,-617|98,432,-578|104,432,-528|110,432,-432|116,432,-209|122,432,-144|128,432,-178|134,432,-240|140,432,-243|146,432,-210|152,432,-228|158,432,-259|164,432,-167|170,432,117|172,832,422|175,632,500|179,632,508|"
66120000;2;06/10/1996;01/01/1900 07:00;1;2;32;"167,3";"180,3858";"13,0858";"505,0";"-633,0";"10,0";;"3,0858,448|25,0858,485|33,0858,493|45,0858,431|47,0858,383|48,4858,348|52,4858,225|58,4858,70|64,4858,-203|70,4858,-333|76,4858,-417|82,4858,-506|88,4858,-631|94,4858,-633|100,486,-557|106,486,-470|112,486,-356|118,486,-224|124,486,-239|130,486,-285|136,486,-341|142,486,-259|148,486,-259|154,486,-239|160,486,-229|166,486,-66|169,486,69|172,486,348|173,286,438|173,986,492|176,386,495|180,386,505|"
66120000;1;06/10/1996;01/01/1900 07:00;1;2;32;"151,3";"180,0";"0,0";"600,0";"-700,0";"10,0";;",448|12,485|20,493|32,431|34,383|35,4,348|39,4,225|45,4,70|51,4,-203|57,4,-333|63,4,-417|69,4,-506|75,4,-631|81,4,-633|87,4,-557|93,4,-470|99,4,-356|105,4,-224|111,4,-239|117,4,-285|123,4,-341|129,4,-259|135,4,-259|141,4,-239|147,4,-229|153,4,-66|156,4,69|159,4,348|160,2,438|160,9,492|163,3,495|167,3,505|"
66120000;1;17/08/1995;01/01/1900 07:00;1;2;32;"151,3";"165,0";"0,0";"550,0";"-680,0";"10,0";;",5,487|25,5,468|27,2,446|35,6,129|47,6,-112|59,6,-381|71,6,-584|83,6,-663|95,6,-515|107,6,-312|119,6,-217|131,6,-156|143,6,-228|154,6,166|157,2,473|163,8,513|0,453|6,487|21,5,483|30,5,414|41,6,47|53,6,-243|65,6,-470|77,6,-660|89,6,-607|101,6,-367|113,6,-243|125,6,-188|137,6,-175|149,6,-119|156,6,414|160,8,497|"
66120000;2;17/08/1995;01/01/1900 07:00;1;2;32;"163,8";"180,0264";"16,2264";"513,0";"-663,0";"10,0";;"23,826,-312|129,826,-243|135,826,-217|141,826,-188|147,826,-156|153,826,-175|159,826,-228|165,826,-119|170,826,166|172,826,414|173,426,473|177,026,497|180,026,513|16,2264,453|22,2264,487|25,7264,487|37,7264,483|41,7264,468|43,4264,446|46,7264,414|51,8264,129|57,8264,47|63,8264,-112|69,8264,-243|75,8264,-381|81,8264,-470|87,8264,-584|93,8264,-660|99,8264,-663|105,826,-607|111,826,-515|117,826,-367|"
66120000;2;30/09/1994;01/01/1900 07:00;1;2;38;"153,0";"178,7889";"25,7889";"495,0";"-479,0";"10,0";;"5,7889,486|29,7889,486|33,7889,474|41,7889,400|45,7889,390|48,2889,389|49,0889,364|49,7889,323|53,9889,173|58,9889,-56|63,9889,-187|68,9889,-312|73,9889,-375|78,9889,-406|83,9889,-434|88,9889,-479|93,9889,-411|98,9889,-317|103,989,-301|108,989,-315|113,989,-261|118,989,-172|123,989,-167|128,989,-210|133,989,-250|138,989,-291|143,989,-327|148,989,-317|153,989,-231|158,989,-240|163,989,-195|168,989,4|172,389,323|172,889,360|173,389,398|174,089,495|177,089,493|178,789,495|"
66120000;1;30/09/1994;01/01/1900 07:00;1;2;38;"151,3";"160,0";"0,0";"510,0";"-500,0";"10,0";;",486|4,486|8,474|16,400|20,390|22,5,389|23,3,364|24,323|28,2,173|33,2,-56|38,2,-187|43,2,-312|48,2,-375|53,2,-406|58,2,-434|63,2,-479|68,2,-411|73,2,-317|78,2,-301|83,2,-315|88,2,-261|93,2,-172|98,2,-167|103,2,-210|108,2,-250|113,2,-291|118,2,-327|123,2,-317|128,2,-231|133,2,-240|138,2,-195|143,2,4|146,6,323|147,1,360|147,6,398|148,3,495|151,3,493|153,495|"
