Agência Nacional de Águas - ANA
Superintendência de Gestão da Rede Hidrometeorológica-SGH
Sistema de Informações Hidrológicas - Versão WEB
Fone: (61) 2109-5242
E-mail: hidro@ana.gov.br

NivelConsistencia: 1 = Bruto, 2 = Consistido
PosHorizColeta: 1 = Margem direita, 2 = Centro, 3 = Margem esquerda, 4 = Composta, 5 = Extra, 6 = Indefinida, 7 = Superfície, 8 = Integrada, 9 = 40%, 10 = 50%
PosVertColeta: 1 = Indefinida, 2 = Superficial, 3 = Integrada, 4 = Fundo, 5 = 20%, 6 = 40%, 7 = 50%, 8 = 60%, 9 = 70%, 10 = 80%
Choveu: 0 = Não, 1 = Sim
Status: 0 = Branco, 1 = Real, 2 = Menor que (<), 3 = Valor aceito (VA), 4 = Não detectado (ND)

Restrições da consulta:
Código da Estação:67100000


EstacaoCodigo;NivelConsistencia;Data;Hora;NumMedicao;PosHorizColeta;PosVertColeta;Choveu;Profundidade;TempAr;TempAmostra;pH;Cor;Turbidez;CondutividadeEletrica;DurezaTotal;Dureza;DQO;DBO;OD;SolTotais;SolFixos;SolVolateis;SolSuspensaoTotais;SolSuspensaoFixos;SolSuspensaoVolateis;SolDissolvidosTotais;SolDissolvidosFixos;SolDissolvidosVolateis;SolSedimentaveis;Detergentes;AlcalinidadeCO3;AlcalinidadeHCO3;AlcalinidadeOH;Cloretos;Sulfatos;Sulfetos;Fluoretos;FosfatoTotal;Cianetos;NitrogenioTotal;AmoniaNaoIonizavel;NitrogenioAmoniacal;Nitratos;Nitritos;CompostosOrganoclorados;CompostosOrganofosforados;Aluminio;Arsenio;Cadmio;Chumbo;Cobre;CromoTrivalente;CromoHexavalente;Manganes;Mercurio;Niquel;Zinco;IndiceFenois;ColiformesTotais;ColiformesFecais;CloroResidual;Bario;Berilio;Boro;Cobalto;Estanho;Litio;Prata;Selenio;UranioTotal;Vanadio;Benzeno;BenzoAPireno;n11Dicloroeteno;n12Dicloroetano;Pentaclorofenol;Tetracloroeteno;Tricloroeteno;TetracloretoCarbono;n246Triclorofenol;Aldrin;Clordano;DDT;Dieldrin;Endrin;Endossulfan;EpoxidoHeptacloro;Heptacloro;Lindano;Metoxicloro;DodecacloroNonacloro;BifenilasPolicloradas;Toxafeno;Demeton;Gution;Malation;Paration;Carbaril;Acido24Diclorofenoxiacetico;n245TP;n245T;BHC;Ethion;DySystonDisulfton;Phosdrin;DDEPP;AzinfosEtil;Diazinon;EstreptococosFecais;Salmonelas;Colifagos;BacteriasHeterotroficas;Protozoarios;Fungos;Algas;ContagemBacteriasPlaca;Clorofila;OleosGraxas;AlcalinidadeTotal;CarbonoOrganicoTotal;Hidrocarbonetos;OrtofosfatoTotal;CromoTotal;MetilParation;NitrogenioOrganico;SodioTotal;MagnesioTotal;SilicaDissolvida;PotassioTotal;CalcioTotal;FerroTotal;DescargaLiquida;FosforoTotal;BismutoTotal;Acidez;NitrogenioTotalKJELDAHL;NitrogenioAlbuminoide;Transparencia;EnteroBacteriasPatogenicas;ZooplanctonTotal;Amoniaco;IQA;ColiformesTermotolerantes;Escherichia;Aluminiodissolvido;Borodissolvido;Cianetolivre;Cobredissolvido;CondutividadeEspecifica;Densidadecianobacterias;Durezamagnesio;FerroDissolvido;FitoplanctonQuantitativo;ODsaturacao;ParametroProfundidade;QualAguaStatus do 1 ao 147
67100000;1;09/04/2024;12:03;;3;2;0;"0,2";"39,0";"31,4";"7,4";;"17,98";;;;;;"7,0";;;;;;;;;;;;;;;;;;;;;;;;;;;;;;;;;;;;;;;;;;;;;;;;;;;;;;;;;;;;;;;;;;;;;;;;;;;;;;;;;;;;;;;;;;;;;;;;;;;;;;;;;;;;;;;;;;;;;;;;;;;;;;;;;;"71,4";;;;;;;"'1;1;1;0;1;0;0;0;0;0;1;0;0;0;0;0;0;0;0;0;0;0;0;0;0;0;0;0;0;0;0;0;0;0;0;0;0;0;0;0;0;0;0;0;0;0;0;0;0;0;0;0;0;0;0;0;0;0;0;0;0;0;0;0;0;0;0;0;0;0;0;0;0;0;0;0;0;0;0;0;0;0;0;0;0;0;0;0;0;0;0;0;0;0;0;0;0;0;0;0;0;0;0;0;0;0;0;0;0;0;0;0;0;0;0;0;0;0;0;0;0;0;0;0;0;0;0;0;0;0;0;0;0;0;0;0;0;0;0;0;1;0;0;0;0;0;0"
67100000;1;18/01/2024;09:11;;1;4;0;"0,2";"34,64";"33,46";"7,9";;"109,81";;;;;;"7,04";;;;;;;;;;;;;;;;;;;;;;;;;;;;;;;;;;;;;;;;;;;;;;;;;;;;;;;;;;;;;;;;;;;;;;;;;;;;;;;;;;;;;;;;;;;;;;;;;;;;;;;;;;;;;;;;;;;;;;;;;;;;;;;;;;"65,5";;;;;;;"'1;1;1;0;1;0;0;0;0;0;1;0;0;0;0;0;0;0;0;0;0;0;0;0;0;0;0;0;0;0;0;0;0;0;0;0;0;0;0;0;0;0;0;0;0;0;0;0;0;0;0;0;0;0;0;0;0;0;0;0;0;0;0;0;0;0;0;0;0;0;0;0;0;0;0;0;0;0;0;0;0;0;0;0;0;0;0;0;0;0;0;0;0;0;0;0;0;0;0;0;0;0;0;0;0;0;0;0;0;0;0;0;0;0;0;0;0;0;0;0;0;0;0;0;0;0;0;0;0;0;0;0;0;0;0;0;0;0;0;0;1;0;0;0;0;0;0"
67100000;1;31/05/2023;09:45;;2;2;0;"0,2";"21,8";"25,0";"6,54";;"5,43";;;;;;"2,37";;;;;;;;;;;;;;;;;;;;;;;;;;;;;;;;;;;;;;;;;;;;;;;;;;;;;;;;;;;;;;;;;;;;;;;;;;;;;;;;;;;;;;;;;;;;;;;;;;;;;;;;;;;;;;;;;;;;;;;;;;;;;;;;;;"103,0";;;;;;;"'1;1;1;0;1;0;0;0;0;0;1;0;0;0;0;0;0;0;0;0;0;0;0;0;0;0;0;0;0;0;0;0;0;0;0;0;0;0;0;0;0;0;0;0;0;0;0;0;0;0;0;0;0;0;0;0;0;0;0;0;0;0;0;0;0;0;0;0;0;0;0;0;0;0;0;0;0;0;0;0;0;0;0;0;0;0;0;0;0;0;0;0;0;0;0;0;0;0;0;0;0;0;0;0;0;0;0;0;0;0;0;0;0;0;0;0;0;0;0;0;0;0;0;0;0;0;0;0;0;0;0;0;0;0;0;0;0;0;0;0;1;0;0;0;0;0;0"
67100000;1;19/09/2022;09:15;;2;2;0;"0,2";"25,8";"24,2";"7,33";;"14,8";;;;;;"7,42";;;;;;;;;;;;;;;;;;;;;;;;;;;;;;;;;;;;;;;;;;;;;;;;;;;;;;;;;;;;;;;;;;;;;;;;;;;;;;;;;;;;;;;;;;;;;;;;;;;;;;;;;;;;;;;;;;;;;;;;;;;;;;;;;;"67,6";;;;;;;"'1;1;1;0;1;0;0;0;0;0;1;0;0;0;0;0;0;0;0;0;0;0;0;0;0;0;0;0;0;0;0;0;0;0;0;0;0;0;0;0;0;0;0;0;0;0;0;0;0;0;0;0;0;0;0;0;0;0;0;0;0;0;0;0;0;0;0;0;0;0;0;0;0;0;0;0;0;0;0;0;0;0;0;0;0;0;0;0;0;0;0;0;0;0;0;0;0;0;0;0;0;0;0;0;0;0;0;0;0;0;0;0;0;0;0;0;0;0;0;0;0;0;0;0;0;0;0;0;0;0;0;0;0;0;0;0;0;0;0;0;1;0;0;0;0;0;0"
67100000;1;24/06/2022;08:50;;2;2;0;"0,2";"18,5";"22,7";"7,21";;"14,3";;;;;;"6,51";;;;;;;;;;;;;;;;;;;;;;;;;;;;;;;;;;;;;;;;;;;;;;;;;;;;;;;;;;;;;;;;;;;;;;;;;;;;;;;;;;;;;;;;;;;;;;;;;;;;;;;;;;;;;;;;;;;;;;;;;;;;;;;;;;"77,7";;;;;;;"'1;1;1;0;1;0;0;0;0;0;1;0;0;0;0;0;0;0;0;0;0;0;0;0;0;0;0;0;0;0;0;0;0;0;0;0;0;0;0;0;0;0;0;0;0;0;0;0;0;0;0;0;0;0;0;0;0;0;0;0;0;0;0;0;0;0;0;0;0;0;0;0;0;0;0;0;0;0;0;0;0;0;0;0;0;0;0;0;0;0;0;0;0;0;0;0;0;0;0;0;0;0;0;0;0;0;0;0;0;0;0;0;0;0;0;0;0;0;0;0;0;0;0;0;0;0;0;0;0;0;0;0;0;0;0;0;0;0;0;0;1;0;0;0;0;0;0"
67100000;1;05/02/2021;11:04;;3;2;0;"0,2";"32,3";"29,8";;;"21,87";;;;;;"5,6";;;;;;;;;;;;;;;;;;;;;;;;;;;;;;;;;;;;;;;;;;;;;;;;;;;;;;;;;;;;;;;;;;;;;;;;;;;;;;;;;;;;;;;;;;;;;;;;;;;;;;;;;;;;;;;;;;;;;;;;;;;;;;;;;;"77,6";;;;;;;"'1;1;0;0;1;0;0;0;0;0;1;0;0;0;0;0;0;0;0;0;0;0;0;0;0;0;0;0;0;0;0;0;0;0;0;0;0;0;0;0;0;0;0;0;0;0;0;0;0;0;0;0;0;0;0;0;0;0;0;0;0;0;0;0;0;0;0;0;0;0;0;0;0;0;0;0;0;0;0;0;0;0;0;0;0;0;0;0;0;0;0;0;0;0;0;0;0;0;0;0;0;0;0;0;0;0;0;0;0;0;0;0;0;0;0;0;0;0;0;0;0;0;0;0;0;0;0;0;0;0;0;0;0;0;0;0;0;0;0;0;1;0;0;0;0;0;0"
67100000;1;22/05/2019;10:20;;2;;0;"0,2";"21,0";"25,4";"4,94";;;;;;;;"2,65";;;;;;;;;;;;;;;;;;;;;;;;;;;;;;;;;;;;;;;;;;;;;;;;;;;;;;;;;;;;;;;;;;;;;;;;;;;;;;;;;;;;;;;;;;;;;;;;;;;;;;;;;;;;;;;;;;;;;;;;;;;;;;;;;;"12,0";;;;;;;"'1;1;1;0;0;0;0;0;0;0;1;0;0;0;0;0;0;0;0;0;0;0;0;0;0;0;0;0;0;0;0;0;0;0;0;0;0;0;0;0;0;0;0;0;0;0;0;0;0;0;0;0;0;0;0;0;0;0;0;0;0;0;0;0;0;0;0;0;0;0;0;0;0;0;0;0;0;0;0;0;0;0;0;0;0;0;0;0;0;0;0;0;0;0;0;0;0;0;0;0;0;0;0;0;0;0;0;0;0;0;0;0;0;0;0;0;0;0;0;0;0;0;0;0;0;0;0;0;0;0;0;0;0;0;0;0;0;0;0;0;1;0;0;0;0;0;0"
67100000;1;25/02/2019;09:15;;3;2;0;"0,2";"29,9";"30,7";"7,68";;"136,12";;;;;;"6,62";;;;;;;;;;;;;;;;;;;;;;;;;;;;;;;;;;;;;;;;;;;;;;;;;;;;;;;;;;;;;;;;;;;;;;;;;;;;;;;;;;;;;;;;;;;;;;;;;;;;;;;;;;;;;;;;;;;;;;;;;;;;;;;;;;"66,1";;;;;;;"'1;1;1;0;1;0;0;0;0;0;1;0;0;0;0;0;0;0;0;0;0;0;0;0;0;0;0;0;0;0;0;0;0;0;0;0;0;0;0;0;0;0;0;0;0;0;0;0;0;0;0;0;0;0;0;0;0;0;0;0;0;0;0;0;0;0;0;0;0;0;0;0;0;0;0;0;0;0;0;0;0;0;0;0;0;0;0;0;0;0;0;0;0;0;0;0;0;0;0;0;0;0;0;0;0;0;0;0;0;0;0;0;0;0;0;0;0;0;0;0;0;0;0;0;0;0;0;0;0;0;0;0;0;0;0;0;0;0;0;0;1;0;0;0;0;0;0"
67100000;1;31/10/2018;10:40;;2;;0;"0,2";"32,7";"29,1";"6,67";;"13,35";;;;;;"3,71";;;;;;;;;;;;;;;;;;;;;;;;;;;;;;;;;;;;;;;;;;;;;;;;;;;;;;;;;;;;;;;;;;;;;;;;;;;;;;;;;;;;;;;;;;;;;;;;;;;;;;;;;;;;;;;;;;;;;;;;;;;;;;;;;;"66,4";;;;;;;"'1;1;1;0;1;0;0;0;0;0;1;0;0;0;0;0;0;0;0;0;0;0;0;0;0;0;0;0;0;0;0;0;0;0;0;0;0;0;0;0;0;0;0;0;0;0;0;0;0;0;0;0;0;0;0;0;0;0;0;0;0;0;0;0;0;0;0;0;0;0;0;0;0;0;0;0;0;0;0;0;0;0;0;0;0;0;0;0;0;0;0;0;0;0;0;0;0;0;0;0;0;0;0;0;0;0;0;0;0;0;0;0;0;0;0;0;0;0;0;0;0;0;0;0;0;0;0;0;0;0;0;0;0;0;0;0;0;0;0;0;1;0;0;0;0;0;0"
67100000;1;18/08/2018;09:30;;;;0;"0,2";"21,8";"21,5";"6,67";;"3,7";;;;;;"2,77";;;;;;;;;;;;;;;;;;;;;;;;;;;;;;;;;;;;;;;;;;;;;;;;;;;;;;;;;;;;;;;;;;;;;;;;;;;;;;;;;;;;;;;;;;;;;;;;;;;;;;;;;;;;;;;;;;;;;;;;;;;;;;;;;;"58,7";;;;;;;"'1;1;1;0;1;0;0;0;0;0;1;0;0;0;0;0;0;0;0;0;0;0;0;0;0;0;0;0;0;0;0;0;0;0;0;0;0;0;0;0;0;0;0;0;0;0;0;0;0;0;0;0;0;0;0;0;0;0;0;0;0;0;0;0;0;0;0;0;0;0;0;0;0;0;0;0;0;0;0;0;0;0;0;0;0;0;0;0;0;0;0;0;0;0;0;0;0;0;0;0;0;0;0;0;0;0;0;0;0;0;0;0;0;0;0;0;0;0;0;0;0;0;0;0;0;0;0;0;0;0;0;0;0;0;0;0;0;0;0;0;1;0;0;0;0;0;0"
67100000;1;21/05/2018;11:15;;;;0;"0,2";"21,0";"25,1";"6,94";;"5,66";;;;;;"3,26";;;;;;;;;;;;;;;;;;;;;;;;;;;;;;;;;;;;;;;;;;;;;;;;;;;;;;;;;;;;;;;;;;;;;;;;;;;;;;;;;;;;;;;;;;;;;;;;;;;;;;;;;;;;;;;;;;;;;;;;;;;;;;;;;;"71,6";;;;;;;"'1;1;1;0;1;0;0;0;0;0;1;0;0;0;0;0;0;0;0;0;0;0;0;0;0;0;0;0;0;0;0;0;0;0;0;0;0;0;0;0;0;0;0;0;0;0;0;0;0;0;0;0;0;0;0;0;0;0;0;0;0;0;0;0;0;0;0;0;0;0;0;0;0;0;0;0;0;0;0;0;0;0;0;0;0;0;0;0;0;0;0;0;0;0;0;0;0;0;0;0;0;0;0;0;0;0;0;0;0;0;0;0;0;0;0;0;0;0;0;0;0;0;0;0;0;0;0;0;0;0;0;0;0;0;0;0;0;0;0;0;1;0;0;0;0;0;0"
67100000;1;07/08/2017;11:15;;;;0;"0,2";"23,0";"22,7";"7,86";;;"68,0";;;;;"7,83";;;;;;;;;;;;;;;;;;;;;;;;;;;;;;;;;;;;;;;;;;;;;;;;;;;;;;;;;;;;;;;;;;;;;;;;;;;;;;;;;;;;;;;;;;;;;;;;;;;;;;;;;;;;;;;;;;;;;;;;;;;;;;;;;;;;;;;;;"'1;1;1;0;0;1;0;0;0;0;1;0;0;0;0;0;0;0;0;0;0;0;0;0;0;0;0;0;0;0;0;0;0;0;0;0;0;0;0;0;0;0;0;0;0;0;0;0;0;0;0;0;0;0;0;0;0;0;0;0;0;0;0;0;0;0;0;0;0;0;0;0;0;0;0;0;0;0;0;0;0;0;0;0;0;0;0;0;0;0;0;0;0;0;0;0;0;0;0;0;0;0;0;0;0;0;0;0;0;0;0;0;0;0;0;0;0;0;0;0;0;0;0;0;0;0;0;0;0;0;0;0;0;0;0;0;0;0;0;0;0;0;0;0;0;0;0"
67100000;1;17/02/2017;09:50;;;;0;;"28,0";"30,6";"7,11";;;"61,2";;;;;"6,26";;;;;;;;;;;;;;;;;;;;;;;;;;;;;;;;;;;;;;;;;;;;;;;;;;;;;;;;;;;;;;;;;;;;;;;;;;;;;;;;;;;;;;;;;;;;;;;;;;;;;;;;;;;;;;;;;;;;;;;;;;;;;;;;;;;;;;;;;"'1;1;1;0;0;1;0;0;0;0;1;0;0;0;0;0;0;0;0;0;0;0;0;0;0;0;0;0;0;0;0;0;0;0;0;0;0;0;0;0;0;0;0;0;0;0;0;0;0;0;0;0;0;0;0;0;0;0;0;0;0;0;0;0;0;0;0;0;0;0;0;0;0;0;0;0;0;0;0;0;0;0;0;0;0;0;0;0;0;0;0;0;0;0;0;0;0;0;0;0;0;0;0;0;0;0;0;0;0;0;0;0;0;0;0;0;0;0;0;0;0;0;0;0;0;0;0;0;0;0;0;0;0;0;0;0;0;0;;;;;;;;;"
67100000;1;21/09/2016;08:00;;;;0;;"20,9";"23,3";"7,32";;"22,9";"63,1";;;;;"7,43";;;;;;;;;;;;;;;;;;;;;;;;;;;;;;;;;;;;;;;;;;;;;;;;;;;;;;;;;;;;;;;;;;;;;;;;;;;;;;;;;;;;;;;;;;;;;;;;;;;;;;;;;;;;;;;;;;;;;;;;;;;;;;;;;;;;;;;;;"'1;1;1;0;1;1;0;0;0;0;1;0;0;0;0;0;0;0;0;0;0;0;0;0;0;0;0;0;0;0;0;0;0;0;0;0;0;0;0;0;0;0;0;0;0;0;0;0;0;0;0;0;0;0;0;0;0;0;0;0;0;0;0;0;0;0;0;0;0;0;0;0;0;0;0;0;0;0;0;0;0;0;0;0;0;0;0;0;0;0;0;0;0;0;0;0;0;0;0;0;0;0;0;0;0;0;0;0;0;0;0;0;0;0;0;0;0;0;0;0;0;0;0;0;0;0;0;0;0;0;0;0;0;0;0;0;0;0;;;;;;;;;"
67100000;1;17/02/2015;09:40;;;;0;;;;;;"18,4";;;;;;;;;;;;;;;;;;;;;;;;;;;;;;;;;;;;;;;;;;;;;;;;;;;;;;;;;;;;;;;;;;;;;;;;;;;;;;;;;;;;;;;;;;;;;;;;;;;;;;;;;;;;;;;;;;;;;;;;;;;;;;;;;;;;;;;;;;;;;;;"'0;0;0;0;1;0;0;0;0;0;0;0;0;0;0;0;0;0;0;0;0;0;0;0;0;0;0;0;0;0;0;0;0;0;0;0;0;0;0;0;0;0;0;0;0;0;0;0;0;0;0;0;0;0;0;0;0;0;0;0;0;0;0;0;0;0;0;0;0;0;0;0;0;0;0;0;0;0;0;0;0;0;0;0;0;0;0;0;0;0;0;0;0;0;0;0;0;0;0;0;0;0;0;0;0;0;0;0;0;0;0;0;0;0;0;0;0;0;0;0;0;0;0;0;0;0;0;0;0;0;0;0;0;0;0;0;0;0;;;;;;;;;"
67100000;1;17/09/2014;09:25;;;;0;;;;;;"8,4";;;;;;;;;;;;;;;;;;;;;;;;;;;;;;;;;;;;;;;;;;;;;;;;;;;;;;;;;;;;;;;;;;;;;;;;;;;;;;;;;;;;;;;;;;;;;;;;;;;;;;;;;;;;;;;;;;;;;;;;;;;;;;;;;;;;;;;;;;;;;;;"'0;0;0;0;1;0;0;0;0;0;0;0;0;0;0;0;0;0;0;0;0;0;0;0;0;0;0;0;0;0;0;0;0;0;0;0;0;0;0;0;0;0;0;0;0;0;0;0;0;0;0;0;0;0;0;0;0;0;0;0;0;0;0;0;0;0;0;0;0;0;0;0;0;0;0;0;0;0;0;0;0;0;0;0;0;0;0;0;0;0;0;0;0;0;0;0;0;0;0;0;0;0;0;0;0;0;0;0;0;0;0;0;0;0;0;0;0;0;0;0;0;0;0;0;0;0;0;0;0;0;0;0;0;0;0;0;0;0;;;;;;;;;"
67100000;1;13/06/2014;09:35;;;;0;;"23,9";"23,5";"7,27";;"7,34";"0,095";;;;;"1,88";;;;;;;;;;;;;;;;;;;;;;;;;;;;;;;;;;;;;;;;;;;;;;;;;;;;;;;;;;;;;;;;;;;;;;;;;;;;;;;;;;;;;;;;;;;;;;;;;;;;;;;;;;;;;;;;;;;;;;;;;;;;;;;;;;;;;;;;;"'1;1;1;0;1;1;0;0;0;0;1;0;0;0;0;0;0;0;0;0;0;0;0;0;0;0;0;0;0;0;0;0;0;0;0;0;0;0;0;0;0;0;0;0;0;0;0;0;0;0;0;0;0;0;0;0;0;0;0;0;0;0;0;0;0;0;0;0;0;0;0;0;0;0;0;0;0;0;0;0;0;0;0;0;0;0;0;0;0;0;0;0;0;0;0;0;0;0;0;0;0;0;0;0;0;0;0;0;0;0;0;0;0;0;0;0;0;0;0;0;0;0;0;0;0;0;0;0;0;0;0;0;0;0;0;0;0;0;;;;;;;;;"
67100000;1;17/02/2014;09:45;;;;0;;"28,1";"30,0";"8,7";;"32,3";"0,066";;;;;"6,71";;;;;;;;;;;;;;;;;;;;;;;;;;;;;;;;;;;;;;;;;;;;;;;;;;;;;;;;;;;;;;;;;;;;;;;;;;;;;;;;;;;;;;;;;;;;;;;;;;;;;;;;;;;;;;;;;;;;;;;;;;;;;;;;;;;;;;;;;"'1;1;1;0;1;1;0;0;0;0;1;0;0;0;0;0;0;0;0;0;0;0;0;0;0;0;0;0;0;0;0;0;0;0;0;0;0;0;0;0;0;0;0;0;0;0;0;0;0;0;0;0;0;0;0;0;0;0;0;0;0;0;0;0;0;0;0;0;0;0;0;0;0;0;0;0;0;0;0;0;0;0;0;0;0;0;0;0;0;0;0;0;0;0;0;0;0;0;0;0;0;0;0;0;0;0;0;0;0;0;0;0;0;0;0;0;0;0;0;0;0;0;0;0;0;0;0;0;0;0;0;0;0;0;0;0;0;0;;;;;;;;;"
67100000;1;21/09/2013;09:00;;;;0;;"28,7";"24,7";"6,13";;"11,7";"0,07";;;;;"4,78";;;;;;;;;;;;;;;;;;;;;;;;;;;;;;;;;;;;;;;;;;;;;;;;;;;;;;;;;;;;;;;;;;;;;;;;;;;;;;;;;;;;;;;;;;;;;;;;;;;;;;;;;;;;;;;;;;;;;;;;;;;;;;;;;;;;;;;;;"'1;1;1;0;1;1;0;0;0;0;1;0;0;0;0;0;0;0;0;0;0;0;0;0;0;0;0;0;0;0;0;0;0;0;0;0;0;0;0;0;0;0;0;0;0;0;0;0;0;0;0;0;0;0;0;0;0;0;0;0;0;0;0;0;0;0;0;0;0;0;0;0;0;0;0;0;0;0;0;0;0;0;0;0;0;0;0;0;0;0;0;0;0;0;0;0;0;0;0;0;0;0;0;0;0;0;0;0;0;0;0;0;0;0;0;0;0;0;0;0;0;0;0;0;0;0;0;0;0;0;0;0;0;0;0;0;0;0;;;;;;;;;"
67100000;1;28/06/2013;09:20;;;;0;;"22,8";"21,2";"6,53";;"28,5";"0,079";;;;;"3,7";;;;;;;;;;;;;;;;;;;;;;;;;;;;;;;;;;;;;;;;;;;;;;;;;;;;;;;;;;;;;;;;;;;;;;;;;;;;;;;;;;;;;;;;;;;;;;;;;;;;;;;;;;;;;;;;;;;;;;;;;;;;;;;;;;;;;;;;;"'1;1;1;0;1;1;0;0;0;0;1;0;0;0;0;0;0;0;0;0;0;0;0;0;0;0;0;0;0;0;0;0;0;0;0;0;0;0;0;0;0;0;0;0;0;0;0;0;0;0;0;0;0;0;0;0;0;0;0;0;0;0;0;0;0;0;0;0;0;0;0;0;0;0;0;0;0;0;0;0;0;0;0;0;0;0;0;0;0;0;0;0;0;0;0;0;0;0;0;0;0;0;0;0;0;0;0;0;0;0;0;0;0;0;0;0;0;0;0;0;0;0;0;0;0;0;0;0;0;0;0;0;0;0;0;0;0;0;;;;;;;;;"
67100000;1;15/03/2013;10:10;;;;0;;"30,3";"30,56";"6,75";;"75,3";"0,065";;;;;"5,61";;;;;;;;;;;;;;;;;;;;;;;;;;;;;;;;;;;;;;;;;;;;;;;;;;;;;;;;;;;;;;;;;;;;;;;;;;;;;;;;;;;;;;;;;;;;;;;;;;;;;;;;;;;;;;;;;;;;;;;;;;;;;;;;;;;;;;;;;"'1;1;1;0;1;1;0;0;0;0;1;0;0;0;0;0;0;0;0;0;0;0;0;0;0;0;0;0;0;0;0;0;0;0;0;0;0;0;0;0;0;0;0;0;0;0;0;0;0;0;0;0;0;0;0;0;0;0;0;0;0;0;0;0;0;0;0;0;0;0;0;0;0;0;0;0;0;0;0;0;0;0;0;0;0;0;0;0;0;0;0;0;0;0;0;0;0;0;0;0;0;0;0;0;0;0;0;0;0;0;0;0;0;0;0;0;0;0;0;0;0;0;0;0;0;0;0;0;0;0;0;0;0;0;0;0;0;0;;;;;;;;;"
67100000;1;27/10/2012;10:10;;;;0;;"31,0";"29,8";"7,69";;"79,2";"0,068";;;;;"6,84";;;;;;;;;;;;;;;;;;;;;;;;;;;;;;;;;;;;;;;;;;;;;;;;;;;;;;;;;;;;;;;;;;;;;;;;;;;;;;;;;;;;;;;;;;;;;;;;;;;;;;;;;;;;;;;;;;;;;;;;;;;;;;;;;;;;;;;;;"'1;1;1;0;1;1;0;0;0;0;1;0;0;0;0;0;0;0;0;0;0;0;0;0;0;0;0;0;0;0;0;0;0;0;0;0;0;0;0;0;0;0;0;0;0;0;0;0;0;0;0;0;0;0;0;0;0;0;0;0;0;0;0;0;0;0;0;0;0;0;0;0;0;0;0;0;0;0;0;0;0;0;0;0;0;0;0;0;0;0;0;0;0;0;0;0;0;0;0;0;0;0;0;0;0;0;0;0;0;0;0;0;0;0;0;0;0;0;0;0;0;0;0;0;0;0;0;0;0;0;0;0;0;0;0;0;0;0;;;;;;;;;"
67100000;1;27/07/2012;10:30;;;;0;;"19,3";"21,91";"6,32";;"15,0";"0,073";;;;;"6,5";;;;;;;;;;;;;;;;;;;;;;;;;;;;;;;;;;;;;;;;;;;;;;;;;;;;;;;;;;;;;;;;;;;;;;;;;;;;;;;;;;;;;;;;;;;;;;;;;;;;;;;;;;;;;;;;;;;;;;;;;;;;;;;;;;;;;;;;;"'1;1;1;0;1;1;0;0;0;0;1;0;0;0;0;0;0;0;0;0;0;0;0;0;0;0;0;0;0;0;0;0;0;0;0;0;0;0;0;0;0;0;0;0;0;0;0;0;0;0;0;0;0;0;0;0;0;0;0;0;0;0;0;0;0;0;0;0;0;0;0;0;0;0;0;0;0;0;0;0;0;0;0;0;0;0;0;0;0;0;0;0;0;0;0;0;0;0;0;0;0;0;0;0;0;0;0;0;0;0;0;0;0;0;0;0;0;0;0;0;0;0;0;0;0;0;0;0;0;0;0;0;0;0;0;0;0;0;;;;;;;;;"
67100000;1;27/04/2012;11:30;;;;0;;"24,9";"28,0";"6,94";;"17,9";"0,079";;;;;"5,93";;;;;;;;;;;;;;;;;;;;;;;;;;;;;;;;;;;;;;;;;;;;;;;;;;;;;;;;;;;;;;;;;;;;;;;;;;;;;;;;;;;;;;;;;;;;;;;;;;;;;;;;;;;;;;;;;;;;;;;;;;;;;;;;;;;;;;;;;"'1;1;1;0;1;1;0;0;0;0;1;0;0;0;0;0;0;0;0;0;0;0;0;0;0;0;0;0;0;0;0;0;0;0;0;0;0;0;0;0;0;0;0;0;0;0;0;0;0;0;0;0;0;0;0;0;0;0;0;0;0;0;0;0;0;0;0;0;0;0;0;0;0;0;0;0;0;0;0;0;0;0;0;0;0;0;0;0;0;0;0;0;0;0;0;0;0;0;0;0;0;0;0;0;0;0;0;0;0;0;0;0;0;0;0;0;0;0;0;0;0;0;0;0;0;0;0;0;0;0;0;0;0;0;0;0;0;0;;;;;;;;;"
67100000;1;27/01/2012;11:30;;;;0;;"34,9";"30,5";"7,2";;"78,3";"63,0";;;;;"6,9";;;;;;;;;;;;;;;;;;;;;;;;;;;;;;;;;;;;;;;;;;;;;;;;;;;;;;;;;;;;;;;;;;;;;;;;;;;;;;;;;;;;;;;;;;;;;;;;;;;;;;;;;;;;;;;;;;;;;;;;;;;;;;;;;;;;;;;;;"'1;1;1;0;1;1;0;0;0;0;1;0;0;0;0;0;0;0;0;0;0;0;0;0;0;0;0;0;0;0;0;0;0;0;0;0;0;0;0;0;0;0;0;0;0;0;0;0;0;0;0;0;0;0;0;0;0;0;0;0;0;0;0;0;0;0;0;0;0;0;0;0;0;0;0;0;0;0;0;0;0;0;0;0;0;0;0;0;0;0;0;0;0;0;0;0;0;0;0;0;0;0;0;0;0;0;0;0;0;0;0;0;0;0;0;0;0;0;0;0;0;0;0;0;0;0;0;0;0;0;0;0;0;0;0;0;0;0;;;;;;;;;"
67100000;1;05/09/2011;11:00;;;;0;;"26,4";"23,52";"7,45";;"6,0";"0,067";;;;;"3,08";;;;;;;;;;;;;;;;;;;;;;;;;;;;;;;;;;;;;;;;;;;;;;;;;;;;;;;;;;;;;;;;;;;;;;;;;;;;;;;;;;;;;;;;;;;;;;;;;;;;;;;;;;;;;;;;;;;;;;;;;;;;;;;;;;;;;;;;;"'1;1;1;0;1;1;0;0;0;0;1;0;0;0;0;0;0;0;0;0;0;0;0;0;0;0;0;0;0;0;0;0;0;0;0;0;0;0;0;0;0;0;0;0;0;0;0;0;0;0;0;0;0;0;0;0;0;0;0;0;0;0;0;0;0;0;0;0;0;0;0;0;0;0;0;0;0;0;0;0;0;0;0;0;0;0;0;0;0;0;0;0;0;0;0;0;0;0;0;0;0;0;0;0;0;0;0;0;0;0;0;0;0;0;0;0;0;0;0;0;0;0;0;0;0;0;0;0;0;0;0;0;0;0;0;0;0;0;;;;;;;;;"
67100000;1;15/06/2011;10:50;;;;0;;"23,9";"23,42";"6,78";;"5,16";"0,074";;;;;"1,47";;;;;;;;;;;;;;;;;;;;;;;;;;;;;;;;;;;;;;;;;;;;;;;;;;;;;;;;;;;;;;;;;;;;;;;;;;;;;;;;;;;;;;;;;;;;;;;;;;;;;;;;;;;;;;;;;;;;;;;;;;;;;;;;;;;;;;;;;"'1;1;1;0;1;1;0;0;0;0;1;0;0;0;0;0;0;0;0;0;0;0;0;0;0;0;0;0;0;0;0;0;0;0;0;0;0;0;0;0;0;0;0;0;0;0;0;0;0;0;0;0;0;0;0;0;0;0;0;0;0;0;0;0;0;0;0;0;0;0;0;0;0;0;0;0;0;0;0;0;0;0;0;0;0;0;0;0;0;0;0;0;0;0;0;0;0;0;0;0;0;0;0;0;0;0;0;0;0;0;0;0;0;0;0;0;0;0;0;0;0;0;0;0;0;0;0;0;0;0;0;0;0;0;0;0;0;0;;;;;;;;;"
67100000;1;08/02/2011;08:30;;;;0;;"32,3";"30,1";"7,38";;"47,6";"0,067";;;;;"5,04";;;;;;;;;;;;;;;;;;;;;;;;;;;;;;;;;;;;;;;;;;;;;;;;;;;;;;;;;;;;;;;;;;;;;;;;;;;;;;;;;;;;;;;;;;;;;;;;;;;;;;;;;;;;;;;;;;;;;;;;;;;;;;;;;;;;;;;;;"'1;1;1;0;1;1;0;0;0;0;1;0;0;0;0;0;0;0;0;0;0;0;0;0;0;0;0;0;0;0;0;0;0;0;0;0;0;0;0;0;0;0;0;0;0;0;0;0;0;0;0;0;0;0;0;0;0;0;0;0;0;0;0;0;0;0;0;0;0;0;0;0;0;0;0;0;0;0;0;0;0;0;0;0;0;0;0;0;0;0;0;0;0;0;0;0;0;0;0;0;0;0;0;0;0;0;0;0;0;0;0;0;0;0;0;0;0;0;0;0;0;0;0;0;0;0;0;0;0;0;0;0;0;0;0;0;0;0;;;;;;;;;"
67100000;1;11/09/2010;08:30;;;;0;;"29,0";"24,3";"6,91";;"26,5";"52,0";;;;;"1,31";;;;;;;;;;;;;;;;;;;;;;;;;;;;;;;;;;;;;;;;;;;;;;;;;;;;;;;;;;;;;;;;;;;;;;;;;;;;;;;;;;;;;;;;;;;;;;;;;;;;;;;;;;;;;;;;;;;;;;;;;;;;;;;;;;;;;;;;;"'1;1;1;0;1;1;0;0;0;0;1;0;0;0;0;0;0;0;0;0;0;0;0;0;0;0;0;0;0;0;0;0;0;0;0;0;0;0;0;0;0;0;0;0;0;0;0;0;0;0;0;0;0;0;0;0;0;0;0;0;0;0;0;0;0;0;0;0;0;0;0;0;0;0;0;0;0;0;0;0;0;0;0;0;0;0;0;0;0;0;0;0;0;0;0;0;0;0;0;0;0;0;0;0;0;0;0;0;0;0;0;0;0;0;0;0;0;0;0;0;0;0;0;0;0;0;0;0;0;0;0;0;0;0;0;0;0;0;;;;;;;;;"
67100000;1;18/05/2010;10:30;;;;1;;"13,8";"22,1";"7,1";;"9,41";"0,081";;;;;"5,4";;;;;;;;;;;;;;;;;;;;;;;;;;;;;;;;;;;;;;;;;;;;;;;;;;;;;;;;;;;;;;;;;;;;;;;;;;;;;;;;;;;;;;;;;;;;;;;;;;;;;;;;;;;;;;;;;;;;;;;;;;;;;;;;;;;;;;;;;"'1;1;1;0;1;1;0;0;0;0;1;0;0;0;0;0;0;0;0;0;0;0;0;0;0;0;0;0;0;0;0;0;0;0;0;0;0;0;0;0;0;0;0;0;0;0;0;0;0;0;0;0;0;0;0;0;0;0;0;0;0;0;0;0;0;0;0;0;0;0;0;0;0;0;0;0;0;0;0;0;0;0;0;0;0;0;0;0;0;0;0;0;0;0;0;0;0;0;0;0;0;0;0;0;0;0;0;0;0;0;0;0;0;0;0;0;0;0;0;0;0;0;0;0;0;0;0;0;0;0;0;0;0;0;0;0;0;0;;;;;;;;;"
67100000;1;22/10/2009;15:30;;;;0;;"30,0";"29,1";"7,1";;"37,7";"52,0";;;;;"6,51";;;;;;;;;;;;;;;;;;;;;;;;;;;;;;;;;;;;;;;;;;;;;;;;;;;;;;;;;;;;;;;;;;;;;;;;;;;;;;;;;;;;;;;;;;;;;;;;;;;;;;;;;;;;;;;;;;;;;;;;;;;;;;;;;;;;;;;;;"'1;1;1;0;1;1;0;0;0;0;1;0;0;0;0;0;0;0;0;0;0;0;0;0;0;0;0;0;0;0;0;0;0;0;0;0;0;0;0;0;0;0;0;0;0;0;0;0;0;0;0;0;0;0;0;0;0;0;0;0;0;0;0;0;0;0;0;0;0;0;0;0;0;0;0;0;0;0;0;0;0;0;0;0;0;0;0;0;0;0;0;0;0;0;0;0;0;0;0;0;0;0;0;0;0;0;0;0;0;0;0;0;0;0;0;0;0;0;0;0;0;0;0;0;0;0;0;0;0;0;0;0;0;0;0;0;0;;;;;;;;;;"
67100000;1;26/07/2009;11:00;;4;2;0;"0,2";"15,0";"20,8";"7,07";;"14,6";"56,0";;;;;"6,82";;;;;;;;;;;;;;;;;;;;;;;;;;;;;;;;;;;;;;;;;;;;;;;;;;;;;;;;;;;;;;;;;;;;;;;;;;;;;;;;;;;;;;;;;;;;;;;;;;;;;;;;;;;;;;;;;;;;;;;;;;;;;;;;;;;;;;;;;"'1;1;1;0;1;1;0;0;0;0;1;0;0;0;0;0;0;0;0;0;0;0;0;0;0;0;0;0;0;0;0;0;0;0;0;0;0;0;0;0;0;0;0;0;0;0;0;0;0;0;0;0;0;0;0;0;0;0;0;0;0;0;0;0;0;0;0;0;0;0;0;0;0;0;0;0;0;0;0;0;0;0;0;0;0;0;0;0;0;0;0;0;0;0;0;0;0;0;0;0;0;0;0;0;0;0;0;0;0;0;0;0;0;0;0;0;0;0;0;0;0;0;0;0;0;0;0;0;0;0;0;0;0;0;0;0;0;;;;;;;;;;"
67100000;1;26/07/2009;11:00;;4;2;0;"0,2";"15,0";"20,8";"7,07";;"14,6";"56,0";;;;;"6,82";;;;;;;;;;;;;;;;;;;;;;;;;;;;;;;;;;;;;;;;;;;;;;;;;;;;;;;;;;;;;;;;;;;;;;;;;;;;;;;;;;;;;;;;;;;;;;;;;;;;;;;;;;;;;;;;;;;;;;;;;;;;;;;;;;;;;;;;;"'1;1;1;0;1;1;0;0;0;0;1;0;0;0;0;0;0;0;0;0;0;0;0;0;0;0;0;0;0;0;0;0;0;0;0;0;0;0;0;0;0;0;0;0;0;0;0;0;0;0;0;0;0;0;0;0;0;0;0;0;0;0;0;0;0;0;0;0;0;0;0;0;0;0;0;0;0;0;0;0;0;0;0;0;0;0;0;0;0;0;0;0;0;0;0;0;0;0;0;0;0;0;0;0;0;0;0;0;0;0;0;0;0;0;0;0;0;0;0;0;0;0;0;0;0;0;0;0;0;0;0;0;0;0;0;0;0;;;;;;;;;;"
67100000;1;25/03/2009;13:00;;2;2;1;"0,2";"27,0";"30,6";"6,86";;;"62,0";;;;;"6,27";;;;;;;;;;;;;;;;;;;;;;;;;;;;;;;;;;;;;;;;;;;;;;;;;;;;;;;;;;;;;;;;;;;;;;;;;;;;;;;;;;;;;;;;;;;;;;;;;;;;;;;;;;;;;;;;;;;;;;;;;;;;;;;;;;;;;;;;;"'1;1;1;0;0;1;0;0;0;0;1;0;0;0;0;0;0;0;0;0;0;0;0;0;0;0;0;0;0;0;0;0;0;0;0;0;0;0;0;0;0;0;0;0;0;0;0;0;0;0;0;0;0;0;0;0;0;0;0;0;0;0;0;0;0;0;0;0;0;0;0;0;0;0;0;0;0;0;0;0;0;0;0;0;0;0;0;0;0;0;0;0;0;0;0;0;0;0;0;0;0;0;0;0;0;0;0;0;0;0;0;0;0;0;0;0;0;0;0;0;0;0;0;0;0;0;0;0;0;0;0;0;0;0;0;0;0;;;;;;;;;;"
67100000;1;25/03/2009;13:00;;2;2;1;"0,2";"27,0";"30,6";"6,86";;;"62,0";;;;;"6,27";;;;;;;;;;;;;;;;;;;;;;;;;;;;;;;;;;;;;;;;;;;;;;;;;;;;;;;;;;;;;;;;;;;;;;;;;;;;;;;;;;;;;;;;;;;;;;;;;;;;;;;;;;;;;;;;;;;;;;;;;;;;;;;;;;;;;;;;;"'1;1;1;0;0;1;0;0;0;0;1;0;0;0;0;0;0;0;0;0;0;0;0;0;0;0;0;0;0;0;0;0;0;0;0;0;0;0;0;0;0;0;0;0;0;0;0;0;0;0;0;0;0;0;0;0;0;0;0;0;0;0;0;0;0;0;0;0;0;0;0;0;0;0;0;0;0;0;0;0;0;0;0;0;0;0;0;0;0;0;0;0;0;0;0;0;0;0;0;0;0;0;0;0;0;0;0;0;0;0;0;0;0;0;0;0;0;0;0;0;0;0;0;0;0;0;0;0;0;0;0;0;0;0;0;0;0;;;;;;;;;;"
67100000;1;22/09/2008;16:40;;2;2;0;"0,1";"23,0";"24,2";"6,6";;;"54,0";;;;;"4,42";;;;;;;;;;;;;;;;;;;;;;;;;;;;;;;;;;;;;;;;;;;;;;;;;;;;;;;;;;;;;;;;;;;;;;;;;;;;;;;;;;;;;;;;;;;;;;;;;;;;;;;;;;;;;;;;;;;;;;;;;;;;;;;;;;;;;;;;;"'1;1;1;;;1;;;;;1;;;;;;;;;;;;;;;;;;;;;;;;;;;;;;;;;;;;;;;;;;;;;;;;;;;;;;;;;;;;;;;;;;;;;;;;;;;;;;;;;;;;;;;;;;;;;;;;;;;;;;;;;;;;;;;;;;;;;;;;;;;;;;;;;;;;;;;;"
67100000;1;04/07/2008;10:00;;2;2;0;"0,2";"28,2";"21,6";"6,18";;;"48,6";;;;;"6,2";;;;;;;;;;;;;;;;;;;;;;;;;;;;;;;;;;;;;;;;;;;;;;;;;;;;;;;;;;;;;;;;;;;;;;;;;;;;;;;;;;;;;;;;;;;;;;;;;;;;;;;;;;;;;;;;;;;;;;;;;;;;;;;;;;;;;;;;;"'1;1;1;;;1;;;;;1;;;;;;;;;;;;;;;;;;;;;;;;;;;;;;;;;;;;;;;;;;;;;;;;;;;;;;;;;;;;;;;;;;;;;;;;;;;;;;;;;;;;;;;;;;;;;;;;;;;;;;;;;;;;;;;;;;;;;;;;;;;;;;;;;;;;;;;;"
67100000;1;22/11/2007;08:30;;;;0;;"29,4";"29,1";"7,22";;;"59,0";;;;;"7,36";;;;;;;;;;;;;;;;;;;;;;;;;;;;;;;;;;;;;;;;;;;;;;;;;;;;;;;;;;;;;;;;;;;;;;;;;;;;;;;;;;;;;;;;;;;;;;;;;;;;;;;;;;;;;;;;;;;;;;;;;;;;;;;;;;;;;;;;;"'1;1;1;;;1;;;;;1;;;;;;;;;;;;;;;;;;;;;;;;;;;;;;;;;;;;;;;;;;;;;;;;;;;;;;;;;;;;;;;;;;;;;;;;;;;;;;;;;;;;;;;;;;;;;;;;;;;;;;;;;;;;;;;;;;;;;;;;;;;;;;;;;;;;;;;;"
67100000;1;23/07/2007;11:10;;;;0;;"22,6";"20,8";"6,74";;;"47,0";;;;;"5,29";;;;;;;;;;;;;;;;;;;;;;;;;;;;;;;;;;;;;;;;;;;;;;;;;;;;;;;;;;;;;;;;;;;;;;;;;;;;;;;;;;;;;;;;;;;;;;;;;;;;;;;;;;;;;;;;;;;;;;;;;;;;;;;;;;;;;;;;;"'1;1;1;;;1;;;;;1;;;;;;;;;;;;;;;;;;;;;;;;;;;;;;;;;;;;;;;;;;;;;;;;;;;;;;;;;;;;;;;;;;;;;;;;;;;;;;;;;;;;;;;;;;;;;;;;;;;;;;;;;;;;;;;;;;;;;;;;;;;;;;;;;;;;;;;;"
67100000;1;02/04/2007;14:30;;;;0;;"39,2";"31,1";"6,61";;;"64,0";;;;;"2,54";;;;;;;;;;;;;;;;;;;;;;;;;;;;;;;;;;;;;;;;;;;;;;;;;;;;;;;;;;;;;;;;;;;;;;;;;;;;;;;;;;;;;;;;;;;;;;;;;;;;;;;;;;;;;;;;;;;;;;;;;;;;;;;;;;;;;;;;;"'1;1;1;;;1;;;;;1;;;;;;;;;;;;;;;;;;;;;;;;;;;;;;;;;;;;;;;;;;;;;;;;;;;;;;;;;;;;;;;;;;;;;;;;;;;;;;;;;;;;;;;;;;;;;;;;;;;;;;;;;;;;;;;;;;;;;;;;;;;;;;;;;;;;;;;;"
67100000;1;22/10/2003;11:30;63;;;0;;"26,8";"28,2";;;;"28,2";;;;;"4,6";;;;;;;;;;;;;;;;;;;;;;;;;;;;;;;;;;;;;;;;;;;;;;;;;;;;;;;;;;;;;;;;;;;;;;;;;;;;;;;;;;;;;;;;;;;;;;;;;;;;;;;;;;;;;;;;;;;;;;;;;;;;;;;;;;;;;;;;;"'1;1;;;;1;;;;;1;;;;;;;;;;;;;;;;;;;;;;;;;;;;;;;;;;;;;;;;;;;;;;;;;;;;;;;;;;;;;;;;;;;;;;;;;;;;;;;;;;;;;;;;;;;;;;;;;;;;;;;;;;;;;;;;;;;;;;;;;;;;;;;;;;;;;;;;"
67100000;1;01/07/2003;11:00;27;;;0;;"26,8";"25,9";"7,17";;;"62,0";;;;;"2,5";;;;;;;;;;;;;;;;;;;;;;;;;;;;;;;;;;;;;;;;;;;;;;;;;;;;;;;;;;;;;;;;;;;;;;;;;;;;;;;;;;;;;;;;;;;;;;;;;;;;;;;;;;;;;;;;;"2990,329";;;;;;;;;;;;;;;;;;;;;;;;"'1;1;1;;;1;;;;;1;;;;;;;;;;;;;;;;;;;;;;;;;;;;;;;;;;;;;;;;;;;;;;;;;;;;;;;;;;;;;;;;;;;;;;;;;;;;;;;;;;;;;;;;;;;;;;;;;;;;;;;;;;;;;;;;;;;;1;;;;;;;;;;;;;;;;;;;;"
67100000;1;10/03/2003;10:30;;;;0;;"32,2";"30,5";"8,37";;;"30,5";;;;;"4,9";;;;;;;;;;;;;;;;;;;;;;;;;;;;;;;;;;;;;;;;;;;;;;;;;;;;;;;;;;;;;;;;;;;;;;;;;;;;;;;;;;;;;;;;;;;;;;;;;;;;;;;;;;;;;;;;;;;;;;;;;;;;;;;;;;;;;;;;;"'1;1;1;;;1;;;;;1;;;;;;;;;;;;;;;;;;;;;;;;;;;;;;;;;;;;;;;;;;;;;;;;;;;;;;;;;;;;;;;;;;;;;;;;;;;;;;;;;;;;;;;;;;;;;;;;;;;;;;;;;;;;;;;;;;;;;;;;;;;;;;;;;;;;;;;;"
67100000;1;26/11/2002;11:05;;;;0;;"33,6";"30,6";"7,36";;;"30,6";;;;;"6,2";;;;;;;;;;;;;;;;;;;;;;;;;;;;;;;;;;;;;;;;;;;;;;;;;;;;;;;;;;;;;;;;;;;;;;;;;;;;;;;;;;;;;;;;;;;;;;;;;;;;;;;;;;;;;;;;;"1126,397";;;;;;;;;;;;;;;;;;;;;;;;"'1;1;1;;;1;;;;;1;;;;;;;;;;;;;;;;;;;;;;;;;;;;;;;;;;;;;;;;;;;;;;;;;;;;;;;;;;;;;;;;;;;;;;;;;;;;;;;;;;;;;;;;;;;;;;;;;;;;;;;;;;;;;;;;;;;;1;;;;;;;;;;;;;;;;;;;;"
67100000;1;26/10/1998;08:00;;2;1;0;"0,0";"21,0";"27,2";"5,7";"75,0";"40,0";"69,5";"28,2";;"10,56";"2,55";"5,1";;;;"48,45";;;;;;;"0,05";;;;"4,81";"1,5";;"0,005";;"0,01";;;"0,2";"0,19";"0,001";;;;"0,01";;"0,02";"0,003";;;;"2,0E-4";;"0,011";"0,003";"800,0";"20,0";;;;;;;;;;;;;;;;;;;;;;;;;;;;;;;;;;;;;;;;;;;;;;;;;"110,0";;;;;;;;;;"26,0";;;"0,18";"0,005";;"0,46";;"0,039";;;;"0,69";;"0,11";;;;;;;;;;;;;;;;;;;;;;;"'1;1;1;1;1;1;0;;1;1;0;;;;0;;;;;;;0;;;;1;0;;0;;0;;;1;1;0;;;;4;;2;0;;;;;0;;1;1;1;0;;;;;;;;;;;;;;;;;;;;;;;;;;;;;;;;;;;;;;;;;;;;;;;;;0;;;;;;;;;;;0;;;2;0;;0;;;0;;;;0;;0;;;;;;;;;;;;;;;;;;;"
67100000;1;28/07/1998;11:00;;2;1;0;"0,0";"22,0";"22,6";"5,8";;;"58,9";;;;;"2,2";;;;;;;;;;;;;;;;;;;;;;;;;;;;;;;;;;;;;;;;;;;;;;;;;;;;;;;;;;;;;;;;;;;;;;;;;;;;;;;;;;;;;;;;;;;;;;;;;;;;;;;;;;;;;;;;;;;;;;;;;;;;;;;;;;;;;;;;;"'1;1;0;;;0;;;;;0;;;;;;;;;;;;;;;;;;;;;;;;;;;;;;;;;;;;;;;;;;;;;;;;;;;;;;;;;;;;;;;;;;;;;;;;;;;;;;;;;;;;;;;;;;;;;;;;;;;;;;;;;;;;;;;;;;;;;;;;;;;;;;;;;;;;;;;;"
67100000;1;22/04/1998;08:00;;2;1;0;"0,0";"25,0";"27,8";"5,9";"100,0";"20,0";"77,7";"27,2";;"25,0";"7,6";"1,8";;;;"18,04";;;;;;;"0,09";;;;"6,25";;;"0,058";"0,12";"0,01";;;"0,49";"0,11";;;;;"0,01";;;"0,003";;;"0,52";"2,0E-4";;"0,11";"0,002";"500,0";"20,0";;;;;;;;;;;;;;;;;;;;;;;;;;;;;;;;;;;;;;;;;;;;;;;;;"130,0";;;;;;;;;;"24,0";;;"0,002";;;"0,51";;;;;;"1,599";"2767,234";;;;;;;;;;;;;;;;;;;;;;;;"'1;1;1;1;1;1;0;;1;1;0;;;;0;;;;;;;0;;;;4;;;1;2;0;;;1;4;;;;;4;;;4;;;;2;0;;1;1;1;0;;;;;;;;;;;;;;;;;;;;;;;;;;;;;;;;;;;;;;;;;;;;;;;;;0;;;;;;;;;;;0;;;0;;;0;;;;;;;1;0;;;;;;;;;;;;;;;;;;;;"
67100000;1;21/10/1997;07:30;;2;1;0;"0,0";"23,6";"28,4";"5,6";"40,0";"10,0";"64,0";"27,6";;"13,66";"5,2";;;;;"21,04";;;;;;;"0,03";;;;"1,92";;;"0,07";"0,08";"0,01";;;"0,13";"0,03";;;;;"0,01";;;"0,003";"0,0";;"0,05";"0,1";;"0,02";;"40,0";"20,0";;;;;;;;;;;;;;;;;;;;;;;;;;;;;;;;;;;;;;;;;;;;;;;;;"500,0";;;;;;;;;;"28,0";;;"0,08";;;"0,4";;;;;;"0,762";;;;;;;;;;;;;;;;;;;;;;;;;"'1;1;1;1;1;1;0;;1;0;;;;;0;;;;;;;0;;;;0;;;1;2;0;;;1;0;;;;;0;;;1;0;;;1;0;;0;;1;0;;;;;;;;;;;;;;;;;;;;;;;;;;;;;;;;;;;;;;;;;;;;;;;;;0;;;;;;;;;;;0;;;0;;;0;;;;;;;0;;;;;;;;;;;;;;;;;;;;;"
67100000;1;22/07/1997;08:30;;2;1;0;"0,0";"16,4";"21,0";"5,5";"50,0";"3,0";"58,0";"29,0";;"19,8";"8,76";"2,6";;;;"1,13";;;;;;;;;;;"5,1";;;"0,04";;"0,01";;;"0,35";"0,07";"0,007";;;;;;;"0,003";;;"0,021";"0,08";;"0,007";;;"20,0";;;;;;;;;;;;;;;;;;;;;;;;;;;;;;;;;;;;;;;;;;;;;;;;;;;;;;;;;;;"24,0";;;"0,07";"0,005";;"0,35";;;;;;"0,598";;"0,1";;;;;;;;;;;;;;;;;;;;;;;"'1;1;1;1;1;1;0;;1;1;0;;;;0;;;;;;;;;;;0;;;0;;0;;;1;1;0;;;;;;;0;;;;1;0;;0;;;0;;;;;;;;;;;;;;;;;;;;;;;;;;;;;;;;;;;;;;;;;;;;;;;;;;;;;;;;;;;;0;;;2;0;;0;;;;;;;0;;0;;;;;;;;;;;;;;;;;;;"
67100000;1;05/02/1997;10:00;;2;1;1;"0,0";"26,4";"28,8";"6,3";"100,0";"30,0";"62,8";"27,6";;"18,28";"6,1";"5,8";;;;"42,99";;;;;;;"0,04";;;;"2,6";;;"0,002";"0,08";"0,01";;;"0,28";;"0,003";;;;"0,01";;"0,02";"0,003";;;"0,03";;;"0,013";"0,001";"50000,0";;;;;;;;;;;;;;;;;;;;;;;;;;;;;;;;;;;;;;;;;;;;;;;;;;;;;;;;;;;"0,1";"22,0";;"0,1";"0,32";;;"0,49";;;;;;;;;;;;;;;;;;;;;;;;;;;;;;;"'1;1;1;1;1;1;0;;1;1;0;;;;0;;;;;;;0;;;;0;;;1;2;0;;;0;;0;;;;0;;1;0;;;;0;;;2;1;0;;;;;;;;;;;;;;;;;;;;;;;;;;;;;;;;;;;;;;;;;;;;;;;;;;;;;;;;;;;;1;0;;1;0;;;0;;;;;;;;;;;;;;;;;;;;;;;;;;;;"
67100000;1;04/11/1996;10:00;;2;1;0;"0,0";"26,8";"29,2";"8,3";"50,0";"40,0";"68,0";"28,0";;"18,84";"4,2";"5,6";;;;"67,97";;;;;;;;;;;;;;"0,01";"0,06";"0,002";;;"0,1";"0,2";;;;;;;;"0,003";;;"0,04";"0,18";;"0,008";"0,032";"13,0";"5,0";;;;;;;;;;;;;;;;;;;;;;;;;;;;;;;;;;;;;;;;;;;;;;;;;;;;;;;;;;;"23,0";;;"0,13";;;"0,08";;;;;;"0,939";;;;;;;;;;;;;;;;;;;;;;;;;"'1;1;1;1;1;1;0;;1;1;0;;;;0;;;;;;;;;;;;;;1;2;0;;;1;0;;;;;;;;0;;;;1;0;;1;1;1;0;;;;;;;;;;;;;;;;;;;;;;;;;;;;;;;;;;;;;;;;;;;;;;;;;;;;;;;;;;;;0;;;0;;;0;;;;;;;0;;;;;;;;;;;;;;;;;;;;;"
67100000;1;20/08/1996;10:00;;2;1;0;"0,0";"27,0";"25,2";"7,6";"45,0";"7,0";"62,0";"28,0";;"17,17";"4,62";"4,2";;;;"22,69";;;;;;;"0,04";;;;"1,41";;;"0,05";"0,69";"0,01";;;"0,21";"10,0";;;;;;;;"0,003";;;"0,04";"0,09";;"0,016";"0,001";"130,0";"130,0";;;;;;;;;;;;;;;;;;;;;;;;;;;;;;;;;;;;;;;;;;;;;;;;;;;;;;;;;;;"27,54";;;"0,14";"0,005";;"0,84";;;;;;"0,529";;;;;;;;;;;;;;;;;;;;;;;;;"'1;1;1;1;1;1;0;;1;1;0;;;;0;;;;;;;0;;;;0;;;1;2;0;;;2;0;;;;;;;;0;;;;1;0;;2;1;1;0;;;;;;;;;;;;;;;;;;;;;;;;;;;;;;;;;;;;;;;;;;;;;;;;;;;;;;;;;;;;0;;;2;0;;0;;;;;;;0;;;;;;;;;;;;;;;;;;;;;"
67100000;1;29/04/1996;10:00;;2;1;0;"0,0";"26,0";"27,4";"6,9";"65,0";"10,0";"78,0";"53,0";;"22,72";"10,6";"4,4";;;;"34,84";;;;;;;"0,04";;;;"1,89";;;"0,01";"0,05";"0,01";;;"0,03";"0,1";"0,002";;;;"0,01";;"0,02";"0,003";;;"0,04";;;"0,024";;"80,0";"40,0";;;;;;;;;;;;;;;;;;;;;;;;;;;;;;;;;;;;;;;;;;;;;;;;;;;;;;;;;;;"29,58";;;"0,029";"0,005";;"0,13";;;;;;"1,328";;;;;;;;;;;;;;;;;;;;;;;;;"'1;1;1;1;1;1;0;;1;1;0;;;;0;;;;;;;0;;;;0;;;1;2;0;;;1;1;0;;;;0;;2;0;;;;0;;;0;;1;0;;;;;;;;;;;;;;;;;;;;;;;;;;;;;;;;;;;;;;;;;;;;;;;;;;;;;;;;;;;;0;;;2;0;;0;;;;;;;0;;;;;;;;;;;;;;;;;;;;;"
67100000;1;05/02/1996;09:30;;2;1;0;"0,0";"27,6";"31,0";"6,6";"100,0";"25,0";"75,0";"33,6";;"15,09";"7,47";"4,0";;;;"45,76";;;;;;;"0,02";;;;"6,15";;;"0,06";"0,08";"0,01";;;"0,06";"0,34";"0,001";;;;"0,01";;"0,02";"0,003";;;"0,04";"2,0E-4";;"0,019";;"270,0";"20,0";;;;;;;;;;;;;;;;;;;;;;;;;;;;;;;;;;;;;;;;;;;;;;;;;;;;;;;;;;;"33,0";;;"0,05";;;"0,47";;;;;;"1,152";;;;;;;;;;;;;;;;;;;;;;;;;"'1;1;1;1;1;1;0;;1;1;0;;;;0;;;;;;;0;;;;0;;;1;2;0;;;1;1;0;;;;0;;2;0;;;;2;0;;0;;1;0;;;;;;;;;;;;;;;;;;;;;;;;;;;;;;;;;;;;;;;;;;;;;;;;;;;;;;;;;;;;0;;;0;;;0;;;;;;;0;;;;;;;;;;;;;;;;;;;;;"
67100000;1;26/04/1995;09:30;;2;3;1;;"26,2";"24,6";"7,2";"80,0";"8,0";"60,0";"28,6";;"33,5";"8,4";"2,5";;;;"25,78";;;;;;;;;;;"1,99";;;"0,03";;;;;"0,36";"0,07";"0,003";;;;"0,01";;;"0,003";;;;"2,0E-4";;"0,013";;"360,0";"0,0";;;;;;;;;;;;;;;;;;;;;;;;;;;;;;;;;;;;;;;;;;;;;;;;;;;;;;;;;;"0,06";"25,0";;"0,02";;"0,005";;"0,26";;;;;;"1,089";;;;;;;;;;;;;;;;;;;;;;;;;"'1;1;1;1;1;1;0;;1;1;0;;;;0;;;;;;;;;;;0;;;0;;;;;1;1;0;;;;4;;;0;;;;;0;;4;;1;0;;;;;;;;;;;;;;;;;;;;;;;;;;;;;;;;;;;;;;;;;;;;;;;;;;;;;;;;;;;1;0;;0;;0;;0;;;;;;;0;;;;;;;;;;;;;;;;;;;;;"
67100000;1;31/10/1994;09:00;;2;3;1;;"27,4";"28,7";"6,8";"100,0";"50,0";"70,0";"30,2";;"7,95";"12,09";"6,2";"67,6";;;;;;;;;;;;;;"3,49";;;;;;;;"0,28";"0,15";"0,002";;;;"0,05";"0,001";;"0,01";;;;"2,0E-4";;;;"2400,0";"1100,0";;;;;;;;;;;;;;;;;;;;;;;;;;;;;;;;;;;;;;;;;;;;;;;;;;;;;;;;;;"0,3";"22,0";;"0,2";"0,06";"0,005";;"0,19";;;;;;"3,3";;;;;;;;;;;;;;;;;;;;;;;;;"'1;1;1;1;1;1;0;;1;1;1;0;;;;;;;;;;;;;;0;;;;;;;;1;1;4;;;;1;4;;0;;;;;0;;;;1;0;;;;;;;;;;;;;;;;;;;;;;;;;;;;;;;;;;;;;;;;;;;;;;;;;;;;;;;;;;;1;0;;1;1;0;;0;;;;;;;0;;;;;;;;;;;;;;;;;;;;;"
67100000;1;17/08/1994;09:00;;2;3;1;;;;;"60,0";"10,0";;"34,4";;"15,72";"1,06";;;;;"38,59";;;;;;;"0,02";;;;;;;;;"0,001";;;;"0,15";"0,001";;;;;"0,001";"0,02";;;;;"2,0E-4";;;;"2400,0";"7,0";;;;;;;;;;;;;;;;;;;;;;;;;;;;;;;;;;;;;;;;;;;;;;;;;;;;;;;;;;"0,11";"28,89";;;"0,01";;;;;;;;;;;;;;;;;;;;;;;;;;;;;;;;;;"';;;1;0;;0;;1;0;;;;;0;;;;;;;0;;;;;;;;;0;;;;1;0;;;;;1;0;;;;;;0;;;;1;0;;;;;;;;;;;;;;;;;;;;;;;;;;;;;;;;;;;;;;;;;;;;;;;;;;;;;;;;;;;1;0;;;0;;;;;;;;;;;;;;;;;;;;;;;;;;;;;;;"
67100000;1;16/08/1994;09:00;;2;3;1;;"14,8";"22,0";"8,2";;;"65,0";;;;;"6,2";;;;;;;;;;;;;;;;;;;;;;;;;;;;;;;;;;;;;;;;;;;;;;;;;;;;;;;;;;;;;;;;;;;;;;;;;;;;;;;;;;;;;;;;;;;;;;;;;;;;;;;;;;;;;;;;;;;;;;;;;;;;;;;;;;;;;;;;;"'1;1;0;;;0;;;;;0;;;;;;;;;;;;;;;;;;;;;;;;;;;;;;;;;;;;;;;;;;;;;;;;;;;;;;;;;;;;;;;;;;;;;;;;;;;;;;;;;;;;;;;;;;;;;;;;;;;;;;;;;;;;;;;;;;;;;;;;;;;;;;;;;;;;;;;;"
67100000;1;04/05/1994;16:00;;2;3;0;;;;;"90,0";"9,0";;"34,4";;"16,88";"14,36";;;;;"38,23";;;;;;;"0,1";;;;;;;;;"0,004";;;"0,24";"0,18";"0,005";;;;;;"0,02";;;;;"2,0E-4";;;;"93,0";"0,0";;;;;;;;;;;;;;;;;;;;;;;;;;;;;;;;;;;;;;;;;;;;;;;;;;;;;;;;;;"0,8";"22,0";;;"0,05";;;;;;;;;;;;;;;;;;;;;;;;;;;;;;;;;;"';;;1;0;;0;;1;0;;;;;0;;;;;;;0;;;;;;;;;0;;;1;1;0;;;;;;0;;;;;;0;;;;1;0;;;;;;;;;;;;;;;;;;;;;;;;;;;;;;;;;;;;;;;;;;;;;;;;;;;;;;;;;;;1;0;;;0;;;;;;;;;;;;;;;;;;;;;;;;;;;;;;;"
67100000;1;03/05/1994;09:00;;2;3;0;;"28,5";"29,4";"7,2";"90,0";"9,0";"75,0";"34,4";;"16,88";"14,36";"5,0";;;;"38,23";;;;;;;;;;;"5,99";;;;;"0,004";;;"0,24";"0,18";"0,005";"0,0";"0,0";;"0,0";"0,0";"0,02";"0,005";;;;"2,0E-4";;"0,031";"0,0";"93,0";"0,0";;;;;;;;;;;;;;;;;;;;;"0,0";;;;;;;"0,0";"0,0";;;;;;;;;;;;;;;;;;;;;;;;;;;;;"0,8";"22,0";;"0,6";"0,05";;;"0,34";;;;;;"2,1";;;;;;;;;;;;;;;;;;;;;;;;;"'1;1;1;1;1;1;0;;1;1;0;;;;0;;;;;;;;;;;0;;;;;0;;;1;1;1;1;0;;1;2;1;0;;;;;0;;0;1;1;0;;;;;;;;;;;;;;;;;;;;;0;;;;;;;1;0;;;;;;;;;;;;;;;;;;;;;;;;;;;;;;1;0;;1;0;;;0;;;;;;;0;;;;;;;;;;;;;;;;;;;;;"
67100000;1;31/05/1993;09:30;;4;3;1;;"18,4";"21,4";"7,5";"30,0";"7,0";"60,0";"27,2";;"10,0";"4,4";"5,6";;;;"16,74";;;;;;;;;;;"6,0";;;;;"0,01";;;"0,05";"0,76";"0,001";;;;"0,05";;"0,02";"0,003";;;;"2,0E-4";;"0,02";;"17,0";"17,0";;;;;;;;;;;;;;;;;;;;;;;;;;;;;;;;;;;;;;;;;;;;;;;;;;;;;;;;;;"0,1";"22,77";;;;;;"0,2";;;;;;"0,7";;;;;;;;;;;;;;;;;;;;;;;;;"'1;1;1;1;1;1;0;;1;1;0;;;;0;;;;;;;;;;;0;;;;;0;;;1;1;4;;;;4;;1;0;;;;;0;;4;;1;0;;;;;;;;;;;;;;;;;;;;;;;;;;;;;;;;;;;;;;;;;;;;;;;;;;;;;;;;;;;1;0;;;;;;0;;;;;;;0;;;;;;;;;;;;;;;;;;;;;"
67100000;1;24/09/1992;07:05;;4;3;0;;"26,0";"27,0";"7,48";"40,0";"5,5";"82,0";"29,02";;"7,0";"1,0";"3,56";"129,0";;;"23,0";;;;;;;"0,05";;;;"5,0";;;;"0,048";"0,01";;;"0,01";"0,03";"0,002";;;;"0,02";;;"0,01";;;;;;"1,0";"0,005";"500,0";"23,0";;;;;;;;;;;;;;;;;;;;;;;;;;;;;;;;;;;;;;;;;;;;;;;;;;;;;;;;;;"3,0";"30,0";;;"0,012";"0,01";;;;;;;;"0,8";;;;;;;;;;;;;;;;;;;;;;;;;"'1;1;1;1;1;1;0;;1;1;1;0;;;0;;;;;;;0;;;;0;;;;2;0;;;1;1;4;;;;4;;;0;;;;;;;2;1;1;0;;;;;;;;;;;;;;;;;;;;;;;;;;;;;;;;;;;;;;;;;;;;;;;;;;;;;;;;;;;1;0;;;2;0;;;;;;;;;0;;;;;;;;;;;;;;;;;;;;;"
67100000;1;18/06/1989;09:00;;2;3;0;;"20,4";"21,0";"6,8";"40,0";"10,0";"92,0";;;"6,27";;"3,3";;;;"7,57";;;;;;;"0,04";;;;"3,8";;;;"0,11";"0,01";;;"0,0";"0,2";"0,002";;;;"0,05";"0,002";"0,02";"0,003";;;;"3,0E-4";;"0,007";"0,0";"0,022";"0,006";;;;;;;;;;;;;;;;;;;;;"0,0";;;;;;;"0,0";"0,0";;;;;;;;;;;;;;;;;;;;;;;;;;;;;;;;;;"0,005";;;;;;;;;;;;;;;;;;;;;;;;;;;;;"0,49";;;;"'1;1;1;1;1;0;;;0;;0;;;;0;;;;;;;0;;;;0;;;;1;0;;;1;1;0;;;;1;1;1;0;;;0;;0;;0;1;1;0;;;;;;;;;;;;;;;;;;;;;0;;;;;;;1;0;;;;;;;;;;;;;;;;;;;;;;;;;;;;;;;;;;;0;;;;;;;;;;;;;;;;;;;;;;;;;;;;;;"
67100000;1;04/12/1988;08:00;;2;3;0;;"26,8";"27,3";"6,2";"120,0";"60,0";"100,0";"30,0";;"6,79";;"5,5";;;;"53,63";;;;;;;"0,16";;;;"5,7";;;;;;;;"0,08";"0,17";"0,002";;;;;"0,002";"0,02";"0,005";;;;"2,0E-4";;;"0,001";;"0,01";;;;;;;;;;;;;;;;;;;;;"0,0";"0,0";"0,0";"0,0";"0,0";"0,0";;"0,0";"0,0";"0,0";;;"0,0";;;"0,0";"0,0";;;;;"0,0";;"0,0";"0,0";"0,0";;;;;;;;;;;;;"25,8";;;"0,2";;"0,0";;;;;;;;;;;;;;;;;;;;;;;;;;;;"3,3";;;;"'1;1;1;1;1;1;0;;0;;0;;;;0;;;;;;;0;;;;0;;;;;;;;1;1;0;;;;;1;1;0;;;0;;0;;;0;;0;;;;;;;;;;;;;;;;;;;;;1;1;1;1;1;0;;1;1;0;;;0;;;1;0;;;;;0;;1;1;0;;;;;;;;;;;;;;0;;;0;;0;;;;;;;;;;;;;;;;;;;;;;;;;;;;;"
67100000;1;01/09/1988;08:00;;1;3;0;;"29,4";"23,4";"6,1";;;"90,0";;;"8,92";;"3,4";;;;"20,0";;;;;;;;;;;"7,0";;;;;;;;;;;;;;"0,05";"0,002";"0,02";"0,014";;;;"2,0E-4";;"0,01";;;;;;;;;;;;;;;;;;;;;;;;;;;;;;;;;;;;;;;;;;;;;;;;;;;;;;;;;;;;;;;;;;"0,005";;;;;;;;;;;;;;;;;;;;;;;;;;;;;"0,9";;;;"'1;1;0;;;0;;;0;;0;;;;0;;;;;;;;;;;0;;;;;;;;;;;;;;1;1;1;0;;;0;;0;;0;;;;;;;;;;;;;;;;;;;;;;;;;;;;;;;;;;;;;;;;;;;;;;;;;;;;;;;;;;;;;;;;;;;0;;;;;;;;;;;;;;;;;;;;;;;;;;;;;;"
67100000;1;28/08/1988;08:00;;1;3;0;;"20,2";"23,0";"6,2";;"5,0";"100,0";;;"8,15";"3,2";"3,9";;;;"25,26";;;;;;;"0,003";;;;"7,4";;;;"0,14";"0,01";;;"0,15";"0,29";"0,02";;;;"0,05";"0,002";"0,02";"0,003";;;;"2,0E-4";;"0,002";"0,001";"0,045";"0,05";;;;;;;;;;;;;;;;;;;;;"0,0";"0,0";"0,0";"0,0";"0,0";"0,0";;"0,0";"0,0";"0,0";;;"0,0";;;"0,0";"0,0";;;;;"0,0";;"0,0";"0,0";"0,0";;;;;;;;;;;;;;;;;"0,005";"0,0";;;;;;;;;;;;;;;;;;;;;;;;;;;;"0,81";;;;"'1;1;0;;1;0;;;1;1;0;;;;0;;;;;;;0;;;;0;;;;1;0;;;1;1;0;;;;1;1;1;0;;;0;;0;;1;1;1;0;;;;;;;;;;;;;;;;;;;;;1;1;1;1;1;0;;1;1;0;;;0;;;1;0;;;;;0;;1;1;0;;;;;;;;;;;;;;;;;;1;0;;;;;;;;;;;;;;;;;;;;;;;;;;;;;"
67100000;1;23/06/1988;09:00;;1;3;0;;"26,0";"23,0";"5,4";"60,0";"4,0";"50,0";;;"11,77";;"2,1";;;;"11,24";;;;;;;;;;;;;;;;;;;"0,2";"0,03";"0,005";;;;"0,05";"0,002";"0,02";;;;;"2,0E-4";;"0,011";;;;;;;;;;;;;;;;;;;;;;;;;;;;;;;;;;;;;;;;;;;;;;;;;;;;;;;;;;;;;;"23,3";;;;"0,005";;;;;;;;;;;;;;;;;;;;;;;;;;;;;;;;;"'1;1;1;1;1;0;;;0;;0;;;;0;;;;;;;;;;;;;;;;;;;1;1;0;;;;1;1;0;;;;;;0;;0;;;;;;;;;;;;;;;;;;;;;;;;;;;;;;;;;;;;;;;;;;;;;;;;;;;;;;;;;;;;;;;0;;;;0;;;;;;;;;;;;;;;;;;;;;;;;;;;;;;"
67100000;1;22/11/1987;08:30;;1;3;0;;"28,6";"30,0";;;"70,0";"85,0";;;"2,44";;;;;;;;;;;;;;;;;;;;;;;;;;;;;;;;;;;;;;;;;;;;;;;;;;;;;;;;;;;;;;;;;;;;;;;;;;;;;;;;;;;;;;;;;;;;;;;;;;;;;;;;;;;;;;;;;;;;;;;;;;;;;;;;;;;;;;;;;;;"'1;0;;;1;0;;;0;;;;;;;;;;;;;;;;;;;;;;;;;;;;;;;;;;;;;;;;;;;;;;;;;;;;;;;;;;;;;;;;;;;;;;;;;;;;;;;;;;;;;;;;;;;;;;;;;;;;;;;;;;;;;;;;;;;;;;;;;;;;;;;;;;;;;;;;;;"
67100000;1;27/11/1986;08:30;;1;3;0;;"31,0";"28,0";;;"65,0";"81,7";;;"1,76";;;;;;;;;;;;;;;;;;;;;;;;;;;;;;;;;;;;;;;;;;;;;;;;;;;;;;;;;;;;;;;;;;;;;;;;;;;;;;;;;;;;;;;;;;;;;;;;;;;;;;;;;;;;;;;;;;;;;;;;;;;;;;;;;;;;;;;;;;;"'1;0;;;1;0;;;0;;;;;;;;;;;;;;;;;;;;;;;;;;;;;;;;;;;;;;;;;;;;;;;;;;;;;;;;;;;;;;;;;;;;;;;;;;;;;;;;;;;;;;;;;;;;;;;;;;;;;;;;;;;;;;;;;;;;;;;;;;;;;;;;;;;;;;;;;;"
67100000;1;27/11/1985;09:00;;3;3;0;;"25,0";"29,0";;;"53,0";"87,0";;;"6,14";;;;;;;;;;;;;;;;;;;;;;;;;;;;;;;;;;;;;;;;;;;"5,0";;;;;;;;;;;;;;;;;;;;;;;;;;;;;;;;;;;;;;;;;;;;;;;;;;;;;;;;;;;;;;;;;;;;;;;;;;;;;;;;;;;;;;;;;;;;;;;;"'1;0;;;1;0;;;0;;;;;;;;;;;;;;;;;;;;;;;;;;;;;;;;;;;;;;;;;;;;0;;;;;;;;;;;;;;;;;;;;;;;;;;;;;;;;;;;;;;;;;;;;;;;;;;;;;;;;;;;;;;;;;;;;;;;;;;;;;;;;;;;;;;;;;;;;;;"
67100000;1;25/07/1985;11:10;;3;3;0;;"26,0";"20,0";;;"4,0";"75,0";;;"4,99";;;;;;;;;;;;;;;;;;;;;;;;;;;;;;;;;;;;;;;;;;;;;;;;;;;;;;;;;;;;;;;;;;;;;;;;;;;;;;;;;;;;;;;;;;;;;;;;;;;;;;;"5,2";;;;;;;;;;;;;;;;;;;;;;;;;;;;;;;;;;;;"'1;0;;;1;0;;;0;;;;;;;;;;;;;;;;;;;;;;;;;;;;;;;;;;;;;;;;;;;;;;;;;;;;;;;;;;;;;;;;;;;;;;;;;;;;;;;;;;;;;;;;;;;;;;;;;;;;;;;;;0;;;;;;;;;;;;;;;;;;;;;;;;;;;;;;;;;"
