Agência Nacional de Águas - ANA
Superintendência de Gestão da Rede Hidrometeorológica-SGH
Sistema de Informações Hidrológicas - Versão WEB
Fone: (61) 2109-5242
E-mail: hidro@ana.gov.br

NivelConsistencia: 1 = Bruto, 2 = Consistido
TipoSecao: 1 = Régua, 2 = Medição

Restrições da consulta:
Código da Estação:66460000


EstacaoCodigo;NivelConsistencia;Data;Hora;NumLevantamento;TipoSecao;NumVerticais;DistanciaPIPF;EixoXDistMaxima;EixoXDistMinima;EixoYCotaMaxima;EixoYCotaMinima;ElmGeomPassoCota;Observacoes;Vertical
66460000;1;22/08/2022;;35;2;35;"89,1";;;;;"10,0";;"9,1,462|86,1,472|84,9,461|84,2,389|83,5,281|83,5,238|82,6,219|82,3,31|80,3,-94|77,3,-230|74,3,-248|71,3,-236|68,3,-240|65,3,-234|62,3,-224|59,3,-232|56,3,-217|53,3,-206|50,3,-195|47,3,-189|44,3,-181|41,3,-162|38,3,-150|35,3,-146|32,3,-138|29,3,-129|26,3,-130|23,3,-143|16,3,31|15,106|14,134|12,203|8,273|4,356|0,400|"
66460000;1;20/09/2019;;;2;35;"85,1";;;;;"10,0";;"5,1,474|83,7,411|83,1,312|82,4,238|82,4,238|81,5,177|81,2,31|79,2,-109|76,2,-282|73,2,-306|70,2,-306|67,2,-287|64,2,-274|61,2,-258|58,2,-255|55,2,-237|52,2,-219|49,2,-192|46,2,-179|43,2,-156|40,2,-133|37,2,-117|34,2,-105|31,2,-101|28,2,-96|25,2,-86|22,2,-75|19,2,-105|16,2,-46|14,7,31|13,5,109|12,185|8,272|4,365|0,414|"
66460000;2;20/09/2019;01/01/1900 00:00;0;2;35;"85,1";"110,1";"25,0";"474,0";"-306,0";"1,0";"Aplicado deslocamento horizontal de 25 m,";"10,1,474|108,7,411|108,1,312|107,4,238|107,4,238|106,5,177|106,2,31|104,2,-109|101,2,-282|98,2,-306|95,2,-306|92,2,-287|89,2,-274|86,2,-258|83,2,-255|80,2,-237|77,2,-219|74,2,-192|71,2,-179|68,2,-156|65,2,-133|62,2,-117|59,2,-105|56,2,-101|53,2,-96|50,2,-86|47,2,-75|44,2,-105|41,2,-46|39,7,31|38,5,109|37,185|33,272|29,365|25,414|"
66460000;2;17/09/2018;01/01/1900 00:00;0;2;36;"87,9";"112,9";"25,0";"481,0";"-310,0";"1,0";"Aplicado deslocamento horizontal de 25 m,";"5,410|29,357|31,5,307|34,249|36,5,179|38,2,128|39,3,62|41,3,-59|44,3,-70|47,3,-102|50,3,-99|53,3,-116|56,3,-116|59,3,-124|62,3,-138|65,3,-147|68,3,-173|71,3,-178|74,3,-205|77,3,-224|80,3,-242|83,3,-268|86,3,-261|89,3,-283|92,3,-292|95,3,-299|98,3,-310|101,3,-300|104,3,-132|107,3,-81|109,3,62|110,279|110,279|111,373|111,5,454|112,9,481|"
66460000;1;17/09/2018;;;2;36;"87,9";;;;;"10,0";;",410|4,357|6,5,307|9,249|11,5,179|13,2,128|14,3,62|16,3,-59|19,3,-70|22,3,-102|25,3,-99|28,3,-116|31,3,-116|34,3,-124|37,3,-138|40,3,-147|43,3,-173|46,3,-178|49,3,-205|52,3,-224|55,3,-242|58,3,-268|61,3,-261|64,3,-283|67,3,-292|70,3,-299|73,3,-310|76,3,-300|79,3,-132|82,3,-81|84,3,62|85,279|85,279|86,373|86,5,454|87,9,481|"
66460000;1;29/08/2017;;;2;35;"130,38";;;;;"10,0";;",3824|4,4112|8,3627|9,1,3472|13,1,2359|15,1,1728|16,3,1110|17,4,497|22,4,145|25,29,145|27,86,114|30,49,127|33,29,136|35,8,146|38,52,168|41,56,188|44,6,203|47,15,209|50,09,241|52,98,250|55,66,274|58,61,287|61,38,304|64,29,321|67,21,336|70,32,343|73,09,352|75,92,365|78,52,355|81,43,345|83,88,155|85,88,497|86,38,1824|86,78,2265|87,28,2484|"
66460000;1;24/06/2016;;;2;28;"90,72";;;;;"10,0";;"1,62,-85|83,52,72|90,72,478|84,72,250|77,95,-307|87,32,453|74,5,-361|23,57,-72|71,48,-341|46,63,-171|67,95,-329|43,61,-151|38,59,-114|61,2,-298|64,62,-317|0,415|32,72,-94|12,6,72|57,16,-245|26,7,-90|41,3,-117|35,22,-96|29,45,-93|4,360|52,74,-218|10,214|49,11,-198|20,6,-84|"
66460000;2;24/06/2016;01/01/1900 00:00;0;2;28;"90,72";"115,72";"25,0";"478,0";"-361,0";"1,0";"Aplicado deslocamento horizontal de 25 m,";"5,415|29,360|35,214|37,6,72|45,6,-84|48,57,-72|51,7,-90|54,45,-93|57,72,-94|60,22,-96|63,59,-114|66,3,-117|68,61,-151|71,63,-171|74,11,-198|77,74,-218|82,16,-245|86,2,-298|89,62,-317|92,95,-329|96,48,-341|99,5,-361|102,95,-307|106,62,-85|108,52,72|109,72,250|112,32,453|115,72,478|"
66460000;2;17/06/2015;01/01/1900 00:00;0;2;30;"93,27";"115,27";"22,0";"477,0";"-352,0";"1,0";"Aplicado deslocamento horizontal de 22 m,";"2,391|26,416|30,366|34,262|37,138|37,5,111|43,-121|46,25,-89|50,02,-70|53,81,-90|57,-109|60,17,-125|64,06,-155|67,82,-186|71,54,-211|75,56,-224|79,17,-244|83,09,-304|86,32,-319|89,63,-336|93,43,-347|97,46,-352|101,13,-312|104,09,-256|106,57,-46|107,97,11|108,87,185|109,67,262|111,47,444|115,27,477|"
66460000;1;17/06/2015;;;2;30;"39,27";;;;;"10,0";;",391|4,416|8,366|12,262|15,138|15,5,111|21,-121|24,25,-89|28,02,-70|31,81,-90|35,-109|38,17,-125|42,06,-155|45,82,-186|49,54,-211|53,56,-224|57,17,-244|61,09,-304|64,32,-319|67,63,-336|71,43,-347|75,46,-352|79,13,-312|82,09,-256|84,57,-46|85,97,11|86,87,185|87,67,262|89,47,444|93,27,477|"
66460000;1;21/10/2014;;;2;29;"86,76";;;;;"10,0";;"6,76,473|85,26,454|84,06,232|83,06,43|82,06,-269|80,46,-299|76,92,-292|72,61,-292|68,87,-283|65,15,-253|61,55,-258|57,5,-240|53,18,-216|49,53,-184|45,61,-166|41,94,-164|38,54,-132|34,85,-125|31,14,-115|27,6,-113|24,46,-91|21,28,-46|18,-31|15,43|14,96|12,2,194|11,2,295|4,415|0,399|"
66460000;2;21/10/2014;;;2;29;"86,76";"113,1675";"26,4075";"473,0";"-299,0";"10,0";;"13,168,473|111,668,454|110,467,232|109,467,43|108,467,-269|106,868,-299|103,327,-292|99,0175,-292|95,2775,-283|91,5575,-253|87,9575,-258|83,9075,-240|79,5875,-216|75,9375,-184|72,0175,-166|68,3475,-164|64,9475,-132|61,2575,-125|57,5475,-115|54,0075,-113|50,8675,-91|47,6875,-46|44,4075,-31|41,4075,43|40,4075,96|38,6075,194|37,6075,295|30,4075,415|26,4075,399|"
66460000;2;28/06/2013;;;2;29;"98,94";"123,9282";"24,9882";"474,0";"-387,0";"10,0";;"8,4782,-121|71,8182,-171|75,0082,-177|78,2082,-186|81,2282,-232|84,6382,-266|88,4882,-298|91,4982,-314|94,7882,-361|96,8882,-374|100,358,-387|103,558,-321|108,228,-102|109,228,97|110,228,220|111,728,452|121,728,474|123,928,465|65,6382,-106|62,4782,-94|59,5382,-97|56,5282,-86|53,3382,-89|50,0182,-97|46,8882,-90|38,8882,97|35,7882,294|28,9882,417|24,9882,384|"
66460000;1;28/06/2013;;;2;29;"94,94";;;;;"10,0";;"8,94,465|96,74,474|86,74,452|85,24,220|84,24,97|83,24,-102|78,57,-321|75,37,-387|71,9,-374|69,8,-361|66,51,-314|63,5,-298|59,65,-266|56,24,-232|53,22,-186|50,02,-177|46,83,-171|43,49,-121|40,65,-106|37,49,-94|34,55,-97|31,54,-86|28,35,-89|25,03,-97|21,9,-90|13,9,97|10,8,294|4,417|0,384|"
66460000;1;10/08/2012;;;2;33;"95,6";;;;;"10,0";;"06,6,469|97,1,474|95,1,404|94,1,247|92,1,40|89,8,-290|88,8,-258|85,8,-271|82,8,-278|76,8,-280|73,8,-261|70,8,-256|67,8,-261|64,8,-248|61,8,-222|59,8,-176|58,8,-210|55,8,-201|52,8,-193|46,8,-163|43,8,-156|40,8,-158|37,8,-132|34,8,-126|31,8,-108|28,8,-70|25,3,40|21,5,149|18,5,229|16,5,345|11,413|7,383|0,388|"
66460000;2;10/08/2012;;;2;33;"106,6";"122,7031";"16,1031";"474,0";"-280,0";"10,0";;"9,9031,-261|92,9031,-280|98,9031,-278|101,903,-271|104,903,-258|105,903,-190|108,203,40|110,203,247|111,203,404|113,203,474|122,703,469|86,9031,-256|83,9031,-261|80,9031,-248|77,9031,-222|75,9031,-176|74,9031,-210|71,9031,-201|68,9031,-193|62,9031,-163|59,9031,-156|56,9031,-158|53,9031,-132|50,9031,-126|47,9031,-108|44,9031,-70|41,4031,40|37,6031,149|34,6031,229|32,6031,345|27,1031,413|23,1031,383|16,1031,388|"
66460000;2;25/08/2011;;;2;38;"94,4";"122,6354";"28,2354";"458,0";"-301,0";"10,0";;"8,2354,414|32,2354,365|34,2354,319|36,2354,204|37,2354,137|38,1354,45|40,8354,-102|43,8354,-95|46,8354,-85|49,8354,-100|52,8354,-104|55,8354,-115|58,8354,-120|61,8354,-129|64,8354,-147|67,8354,-174|70,8354,-180|73,8354,-186|76,8354,-196|79,8354,-248|82,8354,-261|85,8354,-274|88,8354,-280|91,8354,-289|94,8354,-301|97,8354,-301|100,835,-293|103,835,-290|105,835,-135|108,335,45|108,635,91|109,135,175|109,735,235|110,335,257|111,435,397|111,935,438|116,935,434|122,635,458|"
66460000;1;25/08/2011;;;2;38;"94,4";;;;;"10,0";;",414|4,365|6,319|8,204|9,137|9,9,45|12,6,-102|15,6,-95|18,6,-85|21,6,-100|24,6,-104|27,6,-115|30,6,-120|33,6,-129|36,6,-147|39,6,-174|42,6,-180|45,6,-186|48,6,-196|51,6,-248|54,6,-261|57,6,-274|60,6,-280|63,6,-289|66,6,-301|69,6,-301|72,6,-293|75,6,-290|77,6,-135|80,1,45|80,4,91|80,9,175|81,5,235|82,1,257|83,2,397|83,7,438|88,7,434|94,4,458|"
66460000;1;17/11/2010;;;2;38;"107,3";;;;;"10,0";;",387|7,380|11,415|13,380|16,330|17,5,268|19,182|20,1,72|24,1,-35|28,1,-93|31,1,-105|34,1,-131|37,1,-131|40,1,-139|43,1,-164|49,1,-207|52,1,-227|55,1,-229|58,1,-258|61,1,-290|64,1,-294|67,1,-296|70,1,-317|73,1,-332|76,1,-336|79,1,-337|82,1,-351|85,1,-335|88,1,-298|91,1,-94|92,9,72|93,4,120|94,5,243|95,1,297|96,1,411|97,9,477|102,9,419|107,3,474|"
66460000;2;17/11/2010;;;2;38;"107,3";"122,767";"15,467";"477,0";"-351,0";"10,0";;"5,467,387|22,467,380|26,467,415|28,467,380|31,467,330|32,967,268|34,467,182|35,567,72|39,567,-35|43,567,-93|46,567,-105|49,567,-131|52,567,-131|55,567,-139|58,567,-164|64,567,-207|67,567,-227|70,567,-229|73,567,-258|76,567,-290|79,567,-294|82,567,-296|85,567,-317|88,567,-332|91,567,-336|94,567,-337|97,567,-351|100,567,-335|103,567,-298|106,567,-94|108,367,72|108,867,120|109,967,243|110,567,297|111,567,411|113,367,477|118,367,419|122,767,474|"
66460000;2;17/07/2009;;;2;45;"110,6";"123,0152";"12,4152";"473,0";"-334,0";"10,0";;"10,515,289|111,115,386|111,815,449|116,815,462|123,015,473|12,4152,387|15,4152,412|18,4152,382|21,4152,405|23,4152,417|24,9152,395|26,4152,357|27,9152,339|29,4152,301|30,4152,253|31,4152,194|32,4152,123|33,6152,77|37,4152,-86|40,4152,-135|43,4152,-113|46,4152,-115|49,4152,-106|52,4152,-128|55,4152,-156|58,4152,-173|61,4152,-138|64,4152,-136|67,4152,-169|70,4152,-189|73,4152,-211|76,4152,-229|79,4152,-269|82,4152,-280|85,4152,-306|88,4152,-320|91,4152,-321|94,4152,-331|97,4152,-323|100,415,-334|103,415,-303|106,415,-104|108,415,77|109,115,184|109,815,240|"
66460000;1;17/07/2009;;;2;45;"99,6";"120,0";"0,0";"600,0";"-400,0";"10,0";;",387|3,412|6,382|9,405|11,417|12,5,395|14,357|15,5,339|17,301|18,253|19,194|20,123|21,2,77|25,-86|28,-135|31,-113|34,-115|37,-106|40,-128|43,-156|46,-173|49,-138|52,-136|55,-169|58,-189|61,-211|64,-229|67,-269|70,-280|73,-206|76,-320|79,-321|82,-331|85,-323|88,-334|91,-303|94,-104|96,77|96,7,184|97,4,240|98,1,289|98,7,386|99,4,449|104,4,462|110,6,473|"
66460000;1;19/09/2008;;;2;50;"95,7";"120,0";"0,0";"490,0";"-350,0";"10,0";;",389|4,413|6,381|8,388|11,416|12,5,397|14,360|16,329|17,5,261|19,185|19,8,133|20,4,75|21,4,48|24,8,-38|27,8,-69|30,8,-85|33,8,-99|36,8,-104|39,8,-127|42,8,-133|45,8,-149|48,8,-143|51,8,-169|54,8,-187|57,8,-199|60,8,-224|63,8,-229|66,8,-254|69,8,-267|72,8,-273|75,8,-280|78,8,-294|81,8,-298|84,8,-313|87,8,-299|90,8,-99|92,5,48|93,1,124|93,5,186|93,9,230|94,2,269|94,6,311|94,9,369|95,3,400|95,8,451|100,8,454|102,5,438|103,4,404|104,9,442|106,7,467|"
66460000;2;19/09/2008;;;2;50;"106,7";"122,8466";"16,1466";"467,0";"-313,0";"10,0";;"6,1466,389|20,1466,413|22,1466,381|24,1466,388|27,1466,416|28,6466,397|30,1466,360|32,1466,329|33,6466,261|35,1466,185|35,9466,133|36,5466,75|37,5466,48|40,9466,-38|43,9466,-69|46,9466,-85|49,9466,-99|52,9466,-104|55,9466,-127|58,9466,-133|61,9466,-149|64,9466,-143|67,9466,-169|70,9466,-187|73,9466,-199|76,9466,-224|79,9466,-229|82,9466,-254|85,9466,-267|88,9466,-273|91,9466,-280|94,9466,-294|97,9466,-298|100,947,-313|103,947,-299|106,947,-99|108,647,48|109,247,124|109,647,186|110,047,230|110,347,269|110,747,311|111,047,369|111,447,400|111,947,451|116,947,454|118,647,438|119,547,404|121,047,442|122,847,467|"
66460000;2;03/08/2007;;;2;36;"107,0";"126,8319";"19,8319";"470,0";"-286,0";"10,0";;"3,0319,371|27,0319,415|29,0319,383|31,0319,317|33,0319,284|35,0319,183|37,0319,90|38,0319,65|40,7319,-42|43,7319,-84|46,7319,-103|49,7319,-107|52,7319,-111|56,7319,-115|60,2319,-128|64,7319,-142|68,7319,-168|72,7319,-204|76,7319,-237|80,7319,-256|84,7319,-275|88,7319,-281|92,7319,-286|96,7319,-284|100,732,-282|103,732,-286|106,732,-98|108,532,65|109,332,187|110,332,254|111,332,400|112,332,464|117,332,439|121,832,470|126,832,465|19,8319,413|"
66460000;1;03/08/2007;;;2;36;"94,0";"110,0";"0,0";"500,0";"-300,0";"10,0";;",413|3,2,371|7,2,415|9,2,383|11,2,317|13,2,284|15,2,183|17,2,90|18,2,65|20,9,-42|23,9,-84|26,9,-103|29,9,-107|32,9,-111|36,9,-115|40,4,-128|44,9,-142|48,9,-168|52,9,-204|56,9,-237|60,9,-256|64,9,-275|68,9,-281|72,9,-286|76,9,-284|80,9,-282|83,9,-286|86,9,-98|88,7,65|89,5,187|90,5,254|91,5,400|92,5,464|97,5,439|102,470|107,465|"
66460000;1;10/07/2006;;;2;44;"94,0";"120,0";"0,0";"500,0";"-340,0";"10,0";;",393|4,406|8,383|11,402|13,5,416|15,5,400|17,5,296|19,5,267|20,5,215|21,5,165|23,85|25,9,-10|28,9,-115|31,9,-71|34,9,-72|37,9,-69|40,9,-76|43,9,-67|46,9,-94|49,9,-106|52,9,-130|55,9,-171|58,9,-200|61,9,-212|64,9,-245|67,9,-264|70,9,-270|73,9,-296|76,9,-307|79,9,-298|82,9,-297|85,9,-309|88,9,-321|91,9,-225|94,9,-68|97,85|98,5,123|100,163|101,5,235|103,344|103,5,436|105,5,442|108,2,430|112,2,458|"
66460000;2;10/07/2006;;;2;44;"112,2";"120,3804";"8,1804";"458,0";"-321,0";"10,0";;",1804,393|12,1804,406|16,1804,383|19,1804,402|21,6804,416|23,6804,400|25,6804,296|27,6804,267|28,6804,215|29,6804,165|31,1804,85|34,0804,-10|37,0804,-115|40,0804,-71|43,0804,-72|46,0804,-69|49,0804,-76|52,0804,-67|55,0804,-94|58,0804,-106|61,0804,-130|64,0804,-171|67,0804,-200|70,0804,-212|73,0804,-245|76,0804,-264|79,0804,-270|82,0804,-296|85,0804,-307|88,0804,-298|91,0804,-297|94,0804,-309|97,0804,-321|100,08,-225|103,08,-68|105,18,85|106,68,123|108,18,163|109,68,235|111,18,344|111,68,436|113,68,442|116,38,430|120,38,458|"
66460000;2;20/07/2005;01/01/1900 07:00;;2;39;"122,0";"126,7691";"4,7691";"461,0";"-309,0";"10,0";;",7691,391|7,7691,369|11,7691,392|14,7691,388|17,7691,412|21,7691,372|25,7691,418|28,7691,331|31,4691,237|32,4691,161|33,2691,100|34,4691,55|37,1691,-48|41,1691,-105|45,1691,-68|49,1691,-75|54,1691,-85|59,1691,-99|64,1691,-151|69,1691,-186|74,1691,-225|78,1691,-227|82,1691,-270|86,1691,-285|90,1691,-263|93,1691,-272|96,1691,-309|99,1691,-303|102,169,-297|104,169,-170|106,169,-81|107,969,55|108,769,119|109,669,200|110,569,280|111,269,423|115,269,461|120,769,438|126,769,450|"
66460000;1;20/07/2005;01/01/1900 07:00;;;39;"116,0";"125,0";"0,0";"480,0";"-340,0";"10,0";;",391|3,369|7,392|10,388|13,412|17,372|21,418|24,331|26,7,237|27,7,161|28,5,100|29,7,55|32,4,-48|36,4,-105|40,4,-68|44,4,-75|49,4,-85|54,4,-99|59,4,-151|64,4,-186|69,4,-225|73,4,-227|77,4,-270|81,4,-285|85,4,-263|88,4,-272|91,4,-309|94,4,-303|97,4,-297|99,4,-170|101,4,-81|103,2,55|104,119|104,9,200|105,8,280|106,5,423|110,5,461|116,438|122,450|"
66460000;1;21/10/2004;01/01/1900 07:00;1;2;38;"114,0";"140,0";"0,0";"520,0";"-310,0";"10,0";;",390|4,366|16,380|20,416|23,382|25,275|8,383|12,408|134,7,508|114,7,438|109,8,458|105,8,443|104,8,294|103,3,76|99,6,-119|96,6,-276|93,6,-270|90,6,-245|87,6,-262|84,6,-272|81,6,-285|78,6,-259|75,6,-266|72,6,-219|69,6,-251|66,6,-222|63,6,-198|60,6,-175|57,6,-162|54,6,-145|50,6,-129|46,6,-117|42,6,-99|38,6,-93|34,6,-81|30,6,11|28,6,76|27,178|"
66460000;2;21/10/2004;01/01/1900 07:00;1;2;38;"134,7";"140,6565";"5,9565";"508,0";"-285,0";"10,0";;",9565,390|9,9565,366|13,9565,383|17,9565,408|21,9565,380|25,9565,416|28,9565,382|30,9565,275|32,9565,178|34,5565,76|36,5565,11|40,5565,-81|44,5565,-93|48,5565,-99|52,5565,-117|56,5565,-129|60,5565,-145|63,5565,-162|66,5565,-175|69,5565,-198|72,5565,-222|75,5565,-251|78,5565,-219|81,5565,-266|84,5565,-259|87,5565,-285|90,5565,-272|93,5565,-262|96,5565,-245|99,5565,-270|102,557,-276|105,557,-119|109,257,76|110,757,294|111,757,443|115,757,458|120,657,438|140,656,508|"
66460000;2;04/10/2003;01/01/1900 07:00;1;2;38;"134,7";"141,188";"6,488";"511,0";"-289,0";"10,0";;"14,788,462|121,188,439|141,188,511|6,488,390|9,488,367|12,488,397|16,488,385|20,488,413|22,488,377|26,488,418|29,988,361|31,988,232|33,988,88|37,088,-9|41,088,-95|45,088,-77|49,088,-78|53,088,-92|57,088,-71|61,088,-107|64,088,-130|67,088,-161|70,088,-157|73,088,-186|76,088,-203|79,088,-207|82,088,-235|85,088,-222|88,088,-246|91,088,-251|94,088,-263|97,088,-274|100,088,-280|103,088,-289|106,088,-120|109,888,88|111,088,297|111,788,439|"
66460000;1;04/10/2003;01/01/1900 07:00;1;2;38;"114,0";"145,0";"0,0";"520,0";"-310,0";"10,0";;",397|10,385|14,413|16,377|20,418|23,5,361|27,5,88|25,5,232|30,6,-9|34,6,-95|38,6,-77|99,6,-120|103,4,88|104,6,297|105,3,439|108,3,462|114,7,439|134,7,511|84,6,-251|87,6,-263|90,6,-274|93,6,-280|96,6,-289|42,6,-78|50,6,-71|54,6,-107|57,6,-130|60,6,-161|63,6,-157|66,6,-186|69,6,-203|72,6,-207|75,6,-235|78,6,-222|81,6,-246|0,390|3,367|46,6,-92|"
66460000;1;12/08/2002;01/01/1900 07:00;1;2;38;"114,7";"150,0";"0,0";"600,0";"-360,0";"10,0";;"44,7,542|114,7,436|109,2,458|105,2,426|104,6,289|103,2,76|100,7,-109|98,7,-263|96,7,-306|94,7,-312|91,7,-308|88,7,-298|85,7,-281|82,7,-264|79,7,-250|76,7,-261|73,7,-222|70,7,-218|66,7,-192|62,7,-159|58,7,-132|54,7,-131|50,7,-105|46,7,-104|42,7,-83|38,7,-63|34,7,-49|31,7,-18|28,7,76|27,147|24,306|20,413|16,370|13,411|9,379|6,395|3,363|0,390|"
66460000;2;12/08/2002;01/01/1900 07:00;1;2;38;"144,7";"150,6302";"5,9302";"542,0";"-312,0";"10,0";;",9302,390|8,9302,363|11,9302,395|14,9302,379|18,9302,411|21,9302,370|25,9302,413|29,9302,306|32,9301,147|34,6301,76|37,6301,-18|40,6301,-49|44,6301,-63|48,6301,-83|52,6301,-104|56,6301,-105|60,6301,-131|64,6301,-132|68,6301,-159|72,6301,-192|76,6301,-218|79,6301,-222|82,6301,-261|85,6301,-250|88,6301,-264|91,6301,-281|94,6301,-298|97,6301,-308|100,63,-312|102,63,-306|104,63,-263|106,63,-109|109,13,76|110,53,289|111,13,426|115,13,458|120,63,436|150,63,542|"
66460000;2;17/09/2001;01/01/1900 07:00;1;2;37;"134,7";"140,6945";"5,9945";"506,0";"-293,0";"10,0";;",9945,385|8,9945,355|11,9945,391|13,9945,367|17,9945,402|21,9945,350|25,9945,372|30,9945,286|31,9945,177|35,7945,64|38,2945,14|42,2945,-51|46,2945,-66|50,2945,-71|54,2945,-74|58,2945,-71|62,2945,-121|66,2945,-136|69,2945,-135|72,2945,-166|75,2945,-169|78,2945,-186|81,2945,-223|84,2945,-233|87,2945,-249|90,2945,-261|93,2945,-258|96,2945,-285|99,2945,-287|102,295,-293|105,295,-138|109,094,64|110,195,201|111,195,419|115,195,454|120,695,432|140,695,506|"
66460000;1;17/09/2001;01/01/1900 07:00;1;2;37;"114,0";"140,0";"0,0";"520,0";"-310,0";"10,0";;",385|3,355|6,391|8,367|12,402|16,350|20,372|25,286|26,177|29,8,64|32,3,14|36,3,-51|40,3,-66|44,3,-71|48,3,-74|52,3,-71|56,3,-121|60,3,-136|63,3,-135|66,3,-166|69,3,-169|72,3,-186|75,3,-223|78,3,-233|81,3,-249|84,3,-261|87,3,-258|90,3,-285|93,3,-287|96,3,-293|99,3,-138|103,1,64|104,2,201|105,2,419|109,2,454|114,7,432|134,7,506|"
66460000;1;14/09/2000;01/01/1900 07:00;1;2;39;"114,7";"150,0";"0,0";"560,0";"-300,0";"10,0";;"1,8,-254|94,8,-251|97,8,-253|100,8,-264|103,8,-256|106,8,-80|110,1,203|111,1,426|115,1,455|120,7,433|140,7,508|109,5,106|0,406|6,386|9,353|12,386|16,373|19,406|23,343|29,6,349|33,6,168|34,5,106|36,8,14|40,8,-75|44,8,-95|48,8,-94|52,8,-112|56,8,-112|60,8,-150|64,8,-160|67,8,-165|70,8,-192|73,8,-212|25,6,377|88,8,-228|76,8,-199|79,8,-217|82,8,-213|85,8,-223|"
66460000;2;14/09/2000;01/01/1900 07:00;1;2;39;"140,7";"140,9152";"0,2152";"508,0";"-264,0";"10,0";;"3,0152,-213|86,0152,-223|89,0152,-228|92,0152,-254|95,0152,-251|98,0152,-253|101,015,-264|104,015,-256|107,015,-80|109,715,106|110,315,203|111,315,426|115,315,455|120,915,433|140,915,508|0,2152,406|6,2152,386|9,2152,353|12,2152,386|16,2152,373|19,2152,406|23,2152,343|25,8152,377|29,8152,349|33,8152,168|34,7152,106|37,0152,14|41,0152,-75|45,0152,-95|49,0152,-94|53,0152,-112|57,0152,-112|61,0152,-150|65,0152,-160|68,0152,-165|71,0152,-192|74,0152,-212|77,0152,-199|80,0152,-217|"
66460000;2;11/09/1999;01/01/1900 07:00;1;2;39;"138,9";"141,0486";"2,1486";"506,0";"-272,0";"10,0";;",1486,379|6,1486,383|9,6486,353|12,1486,390|15,1486,366|19,1486,404|23,1486,338|27,1486,366|30,1486,247|34,1486,154|35,3486,85|38,0486,-7|42,0486,-77|46,0486,-85|50,0486,-94|54,0486,-89|58,0486,-106|62,0486,-120|66,0486,-152|69,0486,-164|72,0486,-182|75,0486,-192|78,0486,-214|81,0486,-207|84,0486,-217|87,0486,-212|90,0486,-244|93,0486,-240|96,0486,-257|99,0486,-272|102,049,-269|105,049,-169|108,049,-55|109,349,85|110,649,297|111,649,431|115,649,453|121,049,432|141,049,506|"
66460000;1;11/09/1999;01/01/1900 07:00;1;2;39;"114,9";"200,0";"0,0";"600,0";"-300,0";"10,0";;"18,9,432|0,379|7,5,353|13,366|21,338|28,247|33,2,85|39,9,-77|47,9,-94|55,9,-106|63,9,-152|69,9,-182|75,9,-214|81,9,-217|84,9,-212|90,9,-240|96,9,-272|102,9,-169|107,2,85|109,5,431|4,383|10,390|17,404|25,366|32,154|35,9,-7|43,9,-85|51,9,-89|59,9,-120|66,9,-164|72,9,-192|78,9,-207|87,9,-244|93,9,-257|99,9,-269|105,9,-55|108,5,297|113,5,453|138,9,506|"
66460000;1;18/09/1998;01/01/1900 07:00;1;2;38;"114,6";"150,0";"0,0";"550,0";"-300,0";"10,0";;",382|4,353|10,376|17,323|21,5,218|27,3,82|34,6,-52|42,6,-73|50,6,-84|58,6,-139|64,6,-174|70,6,-193|76,6,-242|82,6,-281|88,6,-274|94,6,-294|100,6,-79|102,9,82|104,8,417|114,6,428|6,388|14,406|19,5,350|25,5,131|30,6,-42|38,6,-54|46,6,-73|54,6,-108|61,6,-168|67,6,-187|73,6,-206|79,6,-280|85,6,-280|91,6,-278|97,6,-270|103,8,213|107,8,447|134,6,508|"
66460000;2;18/09/1998;01/01/1900 07:00;1;2;38;"134,6";"141,0775";"6,4775";"508,0";"-294,0";"10,0";;",4775,382|10,4775,353|12,4775,388|16,4775,376|20,4775,406|23,4775,323|25,9775,350|27,9775,218|31,9775,131|33,7775,82|37,0775,-42|41,0775,-52|45,0775,-54|49,0775,-73|53,0775,-73|57,0775,-84|61,0775,-108|65,0775,-139|68,0775,-168|71,0775,-174|74,0775,-187|77,0775,-193|80,0775,-206|83,0775,-242|86,0775,-280|89,0775,-281|92,0775,-280|95,0775,-274|98,0775,-278|101,077,-294|104,077,-270|107,077,-79|109,378,82|110,277,213|111,277,417|114,277,447|121,077,428|141,077,508|"
66460000;2;11/09/1997;01/01/1900 07:00;1;2;39;"132,8";"133,205";"0,405";"474,0";"-331,0";"10,0";;"3,005,-72|57,005,-81|61,005,-127|65,005,-135|69,005,-166|72,005,-172|75,005,-194|78,005,-232|81,005,-239|84,005,-277|87,005,-303|90,005,-315|93,005,-302|96,005,-324|99,005,-331|102,005,-309|105,005,-200|108,005,-56|109,605,81|110,005,121|111,205,410|115,205,450|121,205,426|133,205,474|0,405,413|2,405,377|6,405,383|10,405,352|14,405,365|20,405,402|24,405,275|28,405,212|29,805,166|31,005,81|33,005,15|37,005,-37|41,005,-48|45,005,-57|49,005,-57|"
66460000;1;11/09/1997;01/01/1900 07:00;1;2;39;"114,8";"135,0";"0,0";"500,0";"-350,0";"10,0";;"1,6,-172|74,6,-194|95,6,-324|98,6,-331|101,6,-309|104,6,-200|107,6,-56|109,2,81|109,6,121|110,8,410|114,8,450|120,8,426|132,8,474|0,413|2,377|6,383|10,352|14,365|20,402|24,275|28,212|29,4,166|30,6,81|32,6,15|36,6,-37|40,6,-48|44,6,-57|48,6,-57|52,6,-72|56,6,-81|60,6,-127|64,6,-135|68,6,-166|77,6,-232|80,6,-239|83,6,-277|86,6,-303|89,6,-315|92,6,-302|"
66460000;1;24/06/1996;01/01/1900 07:00;1;2;38;"115,0";"150,0";"0,0";"600,0";"-400,0";"10,0";;",5,381|8,5,385|13,5,379|21,5,343|22,5,269|25,3,134|32,-13|40,-118|48,-128|56,-149|64,-187|72,-226|80,-271|88,-296|96,-323|103,-64|104,9,257|109,9,447|115,5,423|0,383|6,2,345|10,5,354|15,7,392|24,5,291|28,66|36,-106|44,-126|52,-136|60,-166|68,-196|76,-262|84,-298|92,-301|100,-258|104,4,134|105,9,421|113,8,414|127,5,479|"
66460000;2;24/06/1996;01/01/1900 07:00;1;2;38;"127,5";"133,1223";"5,6223";"479,0";"-323,0";"10,0";;",6223,383|7,1223,381|11,8223,345|14,1223,385|16,1223,354|19,1223,379|21,3223,392|27,1223,343|28,1223,269|30,1223,291|30,9223,134|33,6223,66|37,6223,-13|41,6223,-106|45,6223,-118|49,6223,-126|53,6223,-128|57,6223,-136|61,6223,-149|65,6223,-166|69,6223,-187|73,6223,-196|77,6223,-226|81,6223,-262|85,6223,-271|89,6223,-298|93,6223,-296|97,6223,-301|101,622,-323|105,622,-258|108,622,-64|110,022,134|110,522,257|111,522,421|115,522,447|119,422,414|121,122,423|133,122,479|"
66460000;2;11/08/1995;01/01/1900 07:00;1;2;35;"133,3";"133,3";"0,0";"471,0";"-252,0";"10,0";;",416|6,3,385|10,3,345|12,3,387|18,8,379|20,3,404|24,3,300|25,8,201|29,8,110|32,1,51|36,1,-10|40,1,-150|44,1,-155|48,1,-136|52,1,-147|56,1,-150|60,1,-158|64,1,-168|68,1,-173|72,1,-168|76,1,-186|80,1,-200|84,1,-225|88,1,-235|92,1,-229|96,1,-215|100,1,-215|104,1,-252|108,1,-50|109,9,110|110,6,265|111,6,422|115,6,445|121,3,415|133,3,471|"
66460000;1;11/08/1995;01/01/1900 07:00;1;2;35;"115,0";"140,0";"0,0";"495,0";"-270,0";"10,0";;",3,385|12,3,387|20,3,404|25,8,201|32,1,51|40,1,-150|44,1,-155|52,1,-147|60,1,-158|68,1,-173|76,1,-186|84,1,-225|92,1,-229|100,1,-215|108,1,-50|110,6,265|115,6,445|133,3,471|0,416|10,3,345|18,8,379|24,3,300|29,8,110|36,1,-10|48,1,-136|56,1,-150|64,1,-168|72,1,-168|80,1,-200|88,1,-235|96,1,-215|104,1,-252|109,9,110|111,6,422|121,3,415|"
66460000;1;23/12/1993;01/01/1900 07:00;1;2;44;"112,8";"150,0";"0,0";"450,0";"-300,0";"10,0";;",382|0,5,389|1,5,369|2,5,347|3,5,337|4,5,355|5,5,391|6,5,367|7,5,269|12,149|16,114|20,-18|24,-64|28,-38|32,-25|36,-48|40,-74|44,-119|48,-97|52,-89|56,-119|60,-126|64,-162|68,-173|72,-214|76,-265|80,-221|84,-267|88,-284|92,-287|96,-246|100,-38|102,269|103,362|103,3,425|104,435|105,439|106,441|107,438|108,430|109,420|110,412|111,410|113,413|"
66460000;2;23/12/1993;01/01/1900 07:00;1;2;44;"113,0";"121,7281";"8,7281";"441,0";"-287,0";"10,0";;"5,2281,367|16,2281,269|20,7281,149|24,7281,114|28,7281,-18|32,7281,-64|36,7281,-38|40,7281,-25|44,7281,-48|48,7281,-74|52,7281,-119|56,7281,-97|60,7281,-89|64,7281,-119|68,7281,-126|72,7281,-162|76,7281,-173|80,7281,-214|84,7281,-265|88,7281,-221|92,7281,-267|96,7281,-284|100,728,-287|104,728,-246|108,728,-38|110,728,269|111,728,362|112,028,425|112,728,435|113,728,439|114,728,441|115,728,438|116,728,430|117,728,420|118,728,412|119,728,410|121,728,413|8,7281,382|9,2281,389|10,2281,369|11,2281,347|12,2281,337|13,2281,355|14,2281,391|"
